choice id.cust week StoreID buyCH priceCH priceMM discountCH discountMM specialCH specialMM loyaltyCH loyaltyMM salepriceMM salepriceCH pricediff  store7 pctdiscMM pctdiscCH listpricediff store
CH	2125401	237	1	1	1.75	1.99	0	0	0	0	0.5	0.5	1.99	1.75	0.24	No	0	0	0.24	1
CH	2125401	239	1	1	1.75	1.99	0	0.3	0	1	0.6	0.4	1.69	1.75	-0.06	No	0.150754	0	0.24	1
CH	2125401	245	1	1	1.86	2.09	0.17	0	0	0	0.68	0.32	2.09	1.69	0.4	No	0	0.091398	0.23	1
MM	2125849	227	1	0	1.69	1.69	0	0	0	0	0.4	0.6	1.69	1.69	0	No	0	0	0	1
CH	2126904	228	7	1	1.69	1.69	0	0	0	0	0.956535	0.043465	1.69	1.69	0	Yes	0	0	0	0
CH	2126904	230	7	1	1.69	1.99	0	0	0	1	0.965228	0.034772	1.99	1.69	0.3	Yes	0	0	0.3	0
CH	2126904	232	7	1	1.69	1.99	0	0.4	1	1	0.972182	0.027818	1.59	1.69	-0.1	Yes	0.201005	0	0.3	0
CH	2126904	234	7	1	1.75	1.99	0	0.4	1	0	0.977746	0.022254	1.59	1.75	-0.16	Yes	0.201005	0	0.24	0
CH	2126904	235	7	1	1.75	1.99	0	0.4	0	0	0.982197	0.017803	1.59	1.75	-0.16	Yes	0.201005	0	0.24	0
CH	2126904	238	7	1	1.75	1.99	0	0.4	0	0	0.985757	0.014243	1.59	1.75	-0.16	Yes	0.201005	0	0.24	0
CH	2126904	240	7	1	1.86	2.09	0	0	0	0	0.988606	0.011394	2.09	1.86	0.23	Yes	0	0	0.23	0
CH	2126904	263	7	1	1.86	2.13	0.27	0	0	0	0.990885	0.009115	2.13	1.59	0.54	Yes	0	0.145161	0.27	0
CH	2126904	276	7	1	1.99	2.13	0	0.54	0	1	0.992708	0.007292	1.59	1.99	-0.4	Yes	0.253521	0	0.14	0
CH	2127001	268	7	1	1.86	2.13	0	0	0	0	0.68	0.32	2.13	1.86	0.27	Yes	0	0	0.27	0
CH	2127001	278	7	1	2.06	2.13	0	0	0	0	0.744	0.256	2.13	2.06	0.07	Yes	0	0	0.07	0
CH	2127001	278	7	1	2.06	2.13	0	0	0	0	0.7952	0.2048	2.13	2.06	0.07	Yes	0	0	0.07	0
MM	2127019	240	1	0	1.75	1.99	0	0.3	0	1	0.5	0.5	1.69	1.75	-0.06	No	0.150754	0	0.24	1
MM	2127019	268	2	0	1.86	2.18	0	0	0	1	0.4	0.6	2.18	1.86	0.32	No	0	0	0.32	2
MM	2127019	269	2	0	1.86	2.18	0	0	0	0	0.32	0.68	2.18	1.86	0.32	No	0	0	0.32	2
CH	2127027	254	7	1	1.86	2.18	0	0	0	0	0.5	0.5	2.18	1.86	0.32	Yes	0	0	0.32	0
CH	2127027	257	7	1	1.86	2.18	0	0	0	0	0.6	0.4	2.18	1.86	0.32	Yes	0	0	0.32	0
CH	2127027	258	1	1	1.76	2.18	0	0	0	0	0.68	0.32	2.18	1.76	0.42	No	0	0	0.42	1
CH	2127027	259	7	1	1.86	2.18	0	0	0	0	0.744	0.256	2.18	1.86	0.32	Yes	0	0	0.32	0
CH	2127027	264	7	1	1.86	2.13	0.37	0	1	0	0.7952	0.2048	2.13	1.49	0.64	Yes	0	0.198925	0.27	0
CH	2127027	268	7	1	1.86	2.13	0	0	0	0	0.83616	0.16384	2.13	1.86	0.27	Yes	0	0	0.27	0
CH	2127027	269	7	1	1.86	2.13	0.27	0	1	0	0.868928	0.131072	2.13	1.59	0.54	Yes	0	0.145161	0.27	0
CH	2127027	271	7	1	1.86	2.13	0	0	0	0	0.895142	0.104858	2.13	1.86	0.27	Yes	0	0	0.27	0
CH	2127027	272	7	1	1.86	2.13	0	0	0	0	0.916114	0.083886	2.13	1.86	0.27	Yes	0	0	0.27	0
CH	2127027	274	7	1	1.86	2.13	0.47	0.54	1	0	0.932891	0.067109	1.59	1.39	0.2	Yes	0.253521	0.252688	0.27	0
CH	2127027	278	7	1	2.06	2.13	0	0	0	0	0.946313	0.053687	2.13	2.06	0.07	Yes	0	0	0.07	0
CH	2127191	246	2	1	1.89	2.09	0	0	0	0	0.5	0.5	2.09	1.89	0.2	No	0	0	0.2	2
CH	2127191	265	7	1	1.86	2.13	0.37	0	1	0	0.6	0.4	2.13	1.49	0.64	Yes	0	0.198925	0.27	0
MM	2127191	275	2	0	1.96	2.18	0	0.8	0	1	0.68	0.32	1.38	1.96	-0.58	No	0.366972	0	0.22	2
MM	2127548	232	2	0	1.69	1.69	0	0	1	0	0.68	0.32	1.69	1.69	0	No	0	0	0	2
CH	2127548	251	3	1	1.99	2.23	0	0	0	0	0.544	0.456	2.23	1.99	0.24	No	0	0	0.24	3
CH	2127548	256	3	1	1.99	2.29	0	0	0	0	0.6352	0.3648	2.29	1.99	0.3	No	0	0	0.3	3
CH	2127548	258	1	1	1.76	2.18	0	0	0	0	0.70816	0.29184	2.18	1.76	0.42	No	0	0	0.42	1
CH	2127688	277	1	1	1.99	2.13	0.24	0	0	0	0.7952	0.2048	2.13	1.75	0.38	No	0	0.120603	0.14	1
CH	2128058	271	4	1	1.99	2.09	0.1	0.4	1	0	0.4	0.6	1.69	1.89	-0.2	No	0.191388	0.050251	0.1	4
CH	2128231	227	4	1	1.79	1.79	0	0	0	1	0.920961	0.079039	1.79	1.79	0	No	0	0	0	4
CH	2128231	229	4	1	1.79	1.79	0	0	0	0	0.936769	0.063231	1.79	1.79	0	No	0	0	0	4
CH	2128231	230	4	1	1.79	1.79	0	0	0	0	0.949415	0.050585	1.79	1.79	0	No	0	0	0	4
CH	2128231	233	4	1	1.79	2.09	0	0	0	0	0.959532	0.040468	2.09	1.79	0.3	No	0	0	0.3	4
CH	2128231	236	4	1	1.79	2.09	0	0	0	0	0.967626	0.032374	2.09	1.79	0.3	No	0	0	0.3	4
MM	2128231	237	4	0	1.79	2.09	0	0	0	0	0.9741	0.0259	2.09	1.79	0.3	No	0	0	0.3	4
CH	2128231	240	4	1	1.79	2.23	0	0	0	0	0.77928	0.22072	2.23	1.79	0.44	No	0	0	0.44	4
CH	2128231	244	4	1	1.99	2.23	0	0	0	0	0.823424	0.176576	2.23	1.99	0.24	No	0	0	0.24	4
CH	2128231	245	4	1	1.99	2.23	0	0	0	0	0.858739	0.141261	2.23	1.99	0.24	No	0	0	0.24	4
CH	2128231	246	4	1	1.99	2.23	0	0	0	0	0.886992	0.113008	2.23	1.99	0.24	No	0	0	0.24	4
CH	2128231	247	4	1	1.99	2.23	0	0	0	0	0.909593	0.090407	2.23	1.99	0.24	No	0	0	0.24	4
MM	2128231	248	4	0	1.99	2.23	0	0	0	0	0.927675	0.072325	2.23	1.99	0.24	No	0	0	0.24	4
CH	2128231	249	4	1	1.99	2.23	0	0	0	0	0.74214	0.25786	2.23	1.99	0.24	No	0	0	0.24	4
CH	2128231	252	4	1	1.99	2.23	0	0	0	0	0.793712	0.206288	2.23	1.99	0.24	No	0	0	0.24	4
MM	2128231	254	4	0	1.99	2.29	0	0	1	0	0.834969	0.165031	2.29	1.99	0.3	No	0	0	0.3	4
CH	2128231	256	4	1	1.99	2.29	0	0	0	0	0.667976	0.332024	2.29	1.99	0.3	No	0	0	0.3	4
CH	2128231	256	4	1	1.99	2.29	0	0	0	0	0.73438	0.26562	2.29	1.99	0.3	No	0	0	0.3	4
CH	2128231	257	4	1	1.99	2.29	0	0.4	0	1	0.787504	0.212496	1.89	1.99	-0.1	No	0.174672	0	0.3	4
CH	2128231	258	4	1	1.99	2.29	0	0	0	0	0.830003	0.169997	2.29	1.99	0.3	No	0	0	0.3	4
CH	2128231	258	7	1	1.86	2.18	0	0	0	0	0.864003	0.135997	2.18	1.86	0.32	Yes	0	0	0.32	0
CH	2128231	259	4	1	1.99	2.29	0	0	0	0	0.891202	0.108798	2.29	1.99	0.3	No	0	0	0.3	4
CH	2128231	260	4	1	1.99	2.09	0	0	0	0	0.912962	0.087038	2.09	1.99	0.1	No	0	0	0.1	4
CH	2128231	263	4	1	1.99	2.09	0	0	0	0	0.930369	0.069631	2.09	1.99	0.1	No	0	0	0.1	4
MM	2128231	265	4	0	1.99	2.09	0.1	0	0	0	0.944296	0.055704	2.09	1.89	0.2	No	0	0.050251	0.1	4
CH	2128231	265	4	1	1.99	2.09	0.1	0	0	0	0.755436	0.244564	2.09	1.89	0.2	No	0	0.050251	0.1	4
CH	2128231	266	4	1	1.99	2.09	0.1	0	0	0	0.804349	0.195651	2.09	1.89	0.2	No	0	0.050251	0.1	4
CH	2128231	267	4	1	1.99	2.09	0.1	0	0	0	0.843479	0.156521	2.09	1.89	0.2	No	0	0.050251	0.1	4
MM	2128231	269	4	0	1.99	2.09	0.1	0	0	0	0.874783	0.125217	2.09	1.89	0.2	No	0	0.050251	0.1	4
MM	2128231	270	4	0	1.99	2.09	0.1	0	0	0	0.699827	0.300173	2.09	1.89	0.2	No	0	0.050251	0.1	4
CH	2128231	272	4	1	1.99	2.09	0	0.4	0	0	0.559861	0.440139	1.69	1.99	-0.3	No	0.191388	0	0.1	4
CH	2128231	272	4	1	1.99	2.09	0	0.4	0	0	0.647889	0.352111	1.69	1.99	-0.3	No	0.191388	0	0.1	4
CH	2128231	274	4	1	1.99	2.09	0	0.4	0	0	0.718311	0.281689	1.69	1.99	-0.3	No	0.191388	0	0.1	4
CH	2128231	275	4	1	2.09	2.09	0	0.4	0	0	0.774649	0.225351	1.69	2.09	-0.4	No	0.191388	0	0	4
CH	2128231	276	4	1	2.09	2.09	0.2	0.4	0	0	0.819719	0.180281	1.69	1.89	-0.2	No	0.191388	0.095694	0	4
CH	2128231	278	4	1	2.09	2.09	0.2	0	0	0	0.855775	0.144225	2.09	1.89	0.2	No	0	0.095694	0	4
CH	2128363	230	7	1	1.69	1.99	0	0	0	1	0.68	0.32	1.99	1.69	0.3	Yes	0	0	0.3	0
CH	2128363	238	4	1	1.79	2.09	0	0	0	0	0.744	0.256	2.09	1.79	0.3	No	0	0	0.3	4
CH	2128363	239	4	1	1.79	2.23	0	0	0	0	0.7952	0.2048	2.23	1.79	0.44	No	0	0	0.44	4
CH	2128363	251	4	1	1.99	2.23	0	0	0	0	0.83616	0.16384	2.23	1.99	0.24	No	0	0	0.24	4
CH	2128363	252	2	1	1.89	2.09	0.13	0	0	0	0.868928	0.131072	2.09	1.76	0.33	No	0	0.068783	0.2	2
CH	2128363	255	4	1	1.99	2.29	0	0	0	0	0.895142	0.104858	2.29	1.99	0.3	No	0	0	0.3	4
CH	2128363	263	4	1	1.99	2.09	0	0	0	0	0.916114	0.083886	2.09	1.99	0.1	No	0	0	0.1	4
CH	2128363	264	4	1	1.99	2.09	0.1	0	0	0	0.932891	0.067109	2.09	1.89	0.2	No	0	0.050251	0.1	4
CH	2128363	269	4	1	1.99	2.09	0.1	0	0	0	0.946313	0.053687	2.09	1.89	0.2	No	0	0.050251	0.1	4
CH	2128363	273	4	1	1.99	2.09	0	0.4	0	0	0.95705	0.04295	1.69	1.99	-0.3	No	0.191388	0	0.1	4
CH	2128363	275	4	1	2.09	2.09	0	0.4	0	0	0.96564	0.03436	1.69	2.09	-0.4	No	0.191388	0	0	4
CH	2128363	276	2	1	1.99	2.18	0	0	0	1	0.972512	0.027488	2.18	1.99	0.19	No	0	0	0.19	2
CH	2128363	277	4	1	2.09	2.09	0.2	0.4	0	0	0.97801	0.02199	1.69	1.89	-0.2	No	0.191388	0.095694	0	4
CH	2128389	252	4	1	1.99	2.23	0	0	0	0	0.68	0.32	2.23	1.99	0.24	No	0	0	0.24	4
CH	2128389	275	4	1	2.09	2.09	0	0.4	0	0	0.744	0.256	1.69	2.09	-0.4	No	0.191388	0	0	4
CH	2128389	277	3	1	2.09	2.09	0.2	0.4	0	0	0.7952	0.2048	1.69	1.89	-0.2	No	0.191388	0.095694	0	3
CH	2128769	237	4	1	1.79	2.09	0	0	0	0	0.5	0.5	2.09	1.79	0.3	No	0	0	0.3	4
CH	2128769	269	4	1	1.99	2.09	0.1	0	0	0	0.6	0.4	2.09	1.89	0.2	No	0	0.050251	0.1	4
CH	2128785	242	4	1	1.99	2.23	0	0	0	0	0.5	0.5	2.23	1.99	0.24	No	0	0	0.24	4
CH	2128785	244	7	1	1.86	2.09	0	0.2	0	0	0.6	0.4	1.89	1.86	0.03	Yes	0.095694	0	0.23	0
CH	2129726	241	2	1	1.75	1.99	0	0.3	0	1	0.5	0.5	1.69	1.75	-0.06	No	0.150754	0	0.24	2
CH	2129726	277	2	1	1.99	2.18	0	0	0	0	0.6	0.4	2.18	1.99	0.19	No	0	0	0.19	2
CH	2129791	277	7	1	1.99	2.13	0.5	0	0	1	0.4	0.6	2.13	1.49	0.64	Yes	0	0.251256	0.14	0
CH	2129882	227	2	1	1.69	1.69	0	0	0	0	0.744	0.256	1.69	1.69	0	No	0	0	0	2
CH	2129882	229	2	1	1.69	1.69	0	0	0	0	0.7952	0.2048	1.69	1.69	0	No	0	0	0	2
CH	2129882	234	2	1	1.69	1.99	0	0	0	0	0.83616	0.16384	1.99	1.69	0.3	No	0	0	0.3	2
CH	2129882	236	2	1	1.75	1.99	0	0	0	0	0.868928	0.131072	1.99	1.75	0.24	No	0	0	0.24	2
CH	2129882	237	2	1	1.75	1.99	0	0	0	0	0.895142	0.104858	1.99	1.75	0.24	No	0	0	0.24	2
CH	2129882	240	2	1	1.75	1.99	0	0.3	0	1	0.916114	0.083886	1.69	1.75	-0.06	No	0.150754	0	0.24	2
MM	2129882	241	2	0	1.75	1.99	0	0.3	0	1	0.932891	0.067109	1.69	1.75	-0.06	No	0.150754	0	0.24	2
CH	2129882	243	2	1	1.86	2.09	0	0	0	1	0.746313	0.253687	2.09	1.86	0.23	No	0	0	0.23	2
CH	2129882	245	2	1	1.89	2.09	0	0	0	0	0.79705	0.20295	2.09	1.89	0.2	No	0	0	0.2	2
CH	2129882	245	1	1	1.86	2.09	0.17	0	0	0	0.83764	0.16236	2.09	1.69	0.4	No	0	0.091398	0.23	1
CH	2129882	248	2	1	1.89	2.09	0	0	0	0	0.870112	0.129888	2.09	1.89	0.2	No	0	0	0.2	2
CH	2129882	248	2	1	1.89	2.09	0	0	0	0	0.89609	0.10391	2.09	1.89	0.2	No	0	0	0.2	2
CH	2129882	249	2	1	1.89	2.09	0	0	0	0	0.916872	0.083128	2.09	1.89	0.2	No	0	0	0.2	2
CH	2129882	249	1	1	1.86	2.09	0	0	0	0	0.933497	0.066503	2.09	1.86	0.23	No	0	0	0.23	1
MM	2129882	251	3	0	1.99	2.23	0	0	0	0	0.946798	0.053202	2.23	1.99	0.24	No	0	0	0.24	3
CH	2129882	253	2	1	1.89	2.09	0.13	0	0	0	0.757438	0.242562	2.09	1.76	0.33	No	0	0.068783	0.2	2
CH	2129882	254	2	1	1.89	2.09	0.13	0	0	0	0.805951	0.194049	2.09	1.76	0.33	No	0	0.068783	0.2	2
CH	2129882	255	2	1	1.89	2.18	0.13	0	0	0	0.844761	0.155239	2.18	1.76	0.42	No	0	0.068783	0.29	2
CH	2129882	257	3	1	1.99	2.29	0	0.4	0	1	0.875808	0.124192	1.89	1.99	-0.1	No	0.174672	0	0.3	3
CH	2129882	257	2	1	1.86	2.18	0	0	0	0	0.900647	0.099353	2.18	1.86	0.32	No	0	0	0.32	2
CH	2129882	258	2	1	1.86	2.18	0	0	0	0	0.920517	0.079483	2.18	1.86	0.32	No	0	0	0.32	2
CH	2129882	259	3	1	1.99	2.29	0	0	0	0	0.936414	0.063586	2.29	1.99	0.3	No	0	0	0.3	3
CH	2129882	259	2	1	1.86	2.18	0	0.4	0	1	0.949131	0.050869	1.78	1.86	-0.08	No	0.183486	0	0.32	2
CH	2129882	260	2	1	1.86	2.18	0	0.7	0	0	0.959305	0.040695	1.48	1.86	-0.38	No	0.321101	0	0.32	2
CH	2129882	261	1	1	1.76	1.99	0	0	0	0	0.967444	0.032556	1.99	1.76	0.23	No	0	0	0.23	1
CH	2129882	261	2	1	1.86	2.18	0	0	0	0	0.973955	0.026045	2.18	1.86	0.32	No	0	0	0.32	2
CH	2129882	263	2	1	1.86	2.18	0	0	0	1	0.979164	0.020836	2.18	1.86	0.32	No	0	0	0.32	2
MM	2129882	264	2	0	1.86	2.18	0	0	0	0	0.983331	0.016669	2.18	1.86	0.32	No	0	0	0.32	2
CH	2129882	265	2	1	1.86	2.18	0	0	0	0	0.786665	0.213335	2.18	1.86	0.32	No	0	0	0.32	2
CH	2129882	266	1	1	1.86	1.99	0	0.1	0	0	0.829332	0.170668	1.89	1.86	0.03	No	0.050251	0	0.13	1
CH	2129882	266	2	1	1.86	2.18	0	0	0	0	0.863466	0.136534	2.18	1.86	0.32	No	0	0	0.32	2
CH	2129882	267	2	1	1.86	2.18	0	0.4	0	1	0.890772	0.109228	1.78	1.86	-0.08	No	0.183486	0	0.32	2
CH	2129882	270	2	1	1.86	2.18	0	0	0	0	0.912618	0.087382	2.18	1.86	0.32	No	0	0	0.32	2
CH	2129882	270	1	1	1.86	2.18	0	0	0	0	0.930094	0.069906	2.18	1.86	0.32	No	0	0	0.32	1
CH	2129882	271	2	1	1.86	2.18	0	0.06	0	0	0.944076	0.055924	2.12	1.86	0.26	No	0.027523	0	0.32	2
CH	2129882	272	2	1	1.86	2.18	0	0.06	0	0	0.95526	0.04474	2.12	1.86	0.26	No	0.027523	0	0.32	2
CH	2129882	273	7	1	1.86	2.13	0	0.54	0	0	0.964208	0.035792	1.59	1.86	-0.27	Yes	0.253521	0	0.27	0
CH	2129882	273	1	1	1.86	2.18	0	0	0	0	0.971367	0.028633	2.18	1.86	0.32	No	0	0	0.32	1
CH	2129882	274	2	1	1.96	2.18	0	0.8	0	1	0.977093	0.022907	1.38	1.96	-0.58	No	0.366972	0	0.22	2
CH	2129882	275	2	1	1.96	2.18	0	0.8	0	1	0.981675	0.018325	1.38	1.96	-0.58	No	0.366972	0	0.22	2
CH	2129882	276	7	1	1.99	2.13	0	0.54	0	1	0.98534	0.01466	1.59	1.99	-0.4	Yes	0.253521	0	0.14	0
CH	2129882	278	2	1	1.99	2.18	0	0	0	0	0.988272	0.011728	2.18	1.99	0.19	No	0	0	0.19	2
CH	2129908	242	3	1	1.99	2.23	0	0	0	0	0.6	0.4	2.23	1.99	0.24	No	0	0	0.24	3
CH	2130039	237	1	1	1.75	1.99	0	0	0	0	0.52	0.48	1.99	1.75	0.24	No	0	0	0.24	1
CH	2130153	251	4	1	1.99	2.23	0	0	0	0	0.5	0.5	2.23	1.99	0.24	No	0	0	0.24	4
MM	2130153	255	4	0	1.99	2.29	0	0	0	0	0.6	0.4	2.29	1.99	0.3	No	0	0	0.3	4
MM	2130153	261	7	0	1.86	2.13	0	0.24	0	0	0.48	0.52	1.89	1.86	0.03	Yes	0.112676	0	0.27	0
CH	2130153	277	4	1	2.09	2.09	0.2	0.4	0	0	0.384	0.616	1.69	1.89	-0.2	No	0.191388	0.095694	0	4
MM	2130856	233	7	0	1.75	1.99	0	0.4	1	0	0.5	0.5	1.59	1.75	-0.16	Yes	0.201005	0	0.24	0
MM	2130856	236	7	0	1.75	1.99	0	0.4	0	0	0.4	0.6	1.59	1.75	-0.16	Yes	0.201005	0	0.24	0
MM	2130856	243	7	0	1.86	2.09	0	0.2	0	0	0.32	0.68	1.89	1.86	0.03	Yes	0.095694	0	0.23	0
MM	2130856	244	7	0	1.86	2.09	0	0.2	0	0	0.256	0.744	1.89	1.86	0.03	Yes	0.095694	0	0.23	0
MM	2130856	245	7	0	1.86	2.09	0	0.2	0	0	0.2048	0.7952	1.89	1.86	0.03	Yes	0.095694	0	0.23	0
MM	2130856	252	7	0	1.86	2.09	0.1	0	0	0	0.16384	0.83616	2.09	1.76	0.33	Yes	0	0.053763	0.23	0
MM	2130856	277	7	0	1.99	2.13	0.5	0	0	1	0.131072	0.868928	2.13	1.49	0.64	Yes	0	0.251256	0.14	0
CH	2131060	228	4	1	1.79	1.79	0	0	0	0	0.83616	0.16384	1.79	1.79	0	No	0	0	0	4
CH	2131060	230	3	1	1.79	1.79	0	0	0	0	0.868928	0.131072	1.79	1.79	0	No	0	0	0	3
CH	2131060	231	3	1	1.79	1.79	0	0	0	0	0.895142	0.104858	1.79	1.79	0	No	0	0	0	3
CH	2131060	233	1	1	1.69	1.99	0	0	0	0	0.916114	0.083886	1.99	1.69	0.3	No	0	0	0.3	1
CH	2131060	263	4	1	1.99	2.09	0	0	0	0	0.932891	0.067109	2.09	1.99	0.1	No	0	0	0.1	4
CH	2131060	264	4	1	1.99	2.09	0.1	0	0	0	0.946313	0.053687	2.09	1.89	0.2	No	0	0.050251	0.1	4
CH	2131060	265	4	1	1.99	2.09	0.1	0	0	0	0.95705	0.04295	2.09	1.89	0.2	No	0	0.050251	0.1	4
CH	2131060	266	4	1	1.99	2.09	0.1	0	0	0	0.96564	0.03436	2.09	1.89	0.2	No	0	0.050251	0.1	4
CH	2131060	267	4	1	1.99	2.09	0.1	0	0	0	0.972512	0.027488	2.09	1.89	0.2	No	0	0.050251	0.1	4
CH	2131060	269	4	1	1.99	2.09	0.1	0	0	0	0.97801	0.02199	2.09	1.89	0.2	No	0	0.050251	0.1	4
CH	2131060	270	1	1	1.86	2.18	0	0	0	0	0.982408	0.017592	2.18	1.86	0.32	No	0	0	0.32	1
CH	2131060	271	4	1	1.99	2.09	0.1	0.4	1	0	0.985926	0.014074	1.69	1.89	-0.2	No	0.191388	0.050251	0.1	4
CH	2131060	272	4	1	1.99	2.09	0	0.4	0	0	0.988741	0.011259	1.69	1.99	-0.3	No	0.191388	0	0.1	4
CH	2131060	274	4	1	1.99	2.09	0	0.4	0	0	0.990993	0.009007	1.69	1.99	-0.3	No	0.191388	0	0.1	4
CH	2131060	276	4	1	2.09	2.09	0.2	0.4	0	0	0.992794	0.007206	1.69	1.89	-0.2	No	0.191388	0.095694	0	4
CH	2131060	277	4	1	2.09	2.09	0.2	0.4	0	0	0.994235	0.005765	1.69	1.89	-0.2	No	0.191388	0.095694	0	4
CH	2131060	278	3	1	2.09	2.09	0.2	0	0	0	0.995388	0.004612	2.09	1.89	0.2	No	0	0.095694	0	3
CH	2131367	269	2	1	1.86	2.18	0	0	0	0	0.6	0.4	2.18	1.86	0.32	No	0	0	0.32	2
CH	2131631	229	7	1	1.69	1.69	0	0.2	0	1	0.95705	0.04295	1.49	1.69	-0.2	Yes	0.118343	0	0	0
CH	2131631	230	7	1	1.69	1.99	0	0	0	1	0.96564	0.03436	1.99	1.69	0.3	Yes	0	0	0.3	0
CH	2131631	231	4	1	1.79	1.79	0	0	0	0	0.972512	0.027488	1.79	1.79	0	No	0	0	0	4
CH	2131631	233	4	1	1.79	2.09	0	0	0	0	0.97801	0.02199	2.09	1.79	0.3	No	0	0	0.3	4
CH	2131631	239	7	1	1.79	2.09	0	0	0	0	0.982408	0.017592	2.09	1.79	0.3	Yes	0	0	0.3	0
CH	2131631	240	4	1	1.79	2.23	0	0	0	0	0.985926	0.014074	2.23	1.79	0.44	No	0	0	0.44	4
CH	2131631	242	7	1	1.86	2.09	0	0	0	0	0.988741	0.011259	2.09	1.86	0.23	Yes	0	0	0.23	0
CH	2131631	243	4	1	1.99	2.23	0	0	0	0	0.990993	0.009007	2.23	1.99	0.24	No	0	0	0.24	4
CH	2131631	244	7	1	1.86	2.09	0	0.2	0	0	0.992794	0.007206	1.89	1.86	0.03	Yes	0.095694	0	0.23	0
CH	2131631	246	4	1	1.99	2.23	0	0	0	0	0.994235	0.005765	2.23	1.99	0.24	No	0	0	0.24	4
CH	2131631	249	4	1	1.99	2.23	0	0	0	0	0.995388	0.004612	2.23	1.99	0.24	No	0	0	0.24	4
CH	2131631	250	7	1	1.86	2.09	0	0	0	0	0.996311	0.003689	2.09	1.86	0.23	Yes	0	0	0.23	0
CH	2131631	251	4	1	1.99	2.23	0	0	0	0	0.997049	0.002951	2.23	1.99	0.24	No	0	0	0.24	4
CH	2131631	254	4	1	1.99	2.29	0	0	1	0	0.997639	0.002361	2.29	1.99	0.3	No	0	0	0.3	4
CH	2131631	255	4	1	1.99	2.29	0	0	0	0	0.998111	0.001889	2.29	1.99	0.3	No	0	0	0.3	4
CH	2131631	257	4	1	1.99	2.29	0	0.4	0	1	0.998489	0.001511	1.89	1.99	-0.1	No	0.174672	0	0.3	4
CH	2131631	260	4	1	1.99	2.09	0	0	0	0	0.998791	0.001209	2.09	1.99	0.1	No	0	0	0.1	4
CH	2131631	261	4	1	1.99	2.09	0	0	0	0	0.999033	0.000967	2.09	1.99	0.1	No	0	0	0.1	4
CH	2131631	262	4	1	1.99	2.09	0	0	0	0	0.999226	0.000774	2.09	1.99	0.1	No	0	0	0.1	4
CH	2131631	264	4	1	1.99	2.09	0.1	0	0	0	0.999381	0.000619	2.09	1.89	0.2	No	0	0.050251	0.1	4
CH	2131631	265	4	1	1.99	2.09	0.1	0	0	0	0.999505	0.000495	2.09	1.89	0.2	No	0	0.050251	0.1	4
CH	2131631	266	7	1	1.86	2.13	0.37	0	1	0	0.999604	0.000396	2.13	1.49	0.64	Yes	0	0.198925	0.27	0
CH	2131631	267	7	1	1.86	2.13	0	0	1	0	0.999683	0.000317	2.13	1.86	0.27	Yes	0	0	0.27	0
CH	2131631	269	7	1	1.86	2.13	0.27	0	1	0	0.999746	0.000254	2.13	1.59	0.54	Yes	0	0.145161	0.27	0
CH	2131631	271	4	1	1.99	2.09	0.1	0.4	1	0	0.999797	0.000203	1.69	1.89	-0.2	No	0.191388	0.050251	0.1	4
CH	2131631	272	4	1	1.99	2.09	0	0.4	0	0	0.999838	0.000162	1.69	1.99	-0.3	No	0.191388	0	0.1	4
CH	2131631	274	4	1	1.99	2.09	0	0.4	0	0	0.99987	0.00013	1.69	1.99	-0.3	No	0.191388	0	0.1	4
CH	2131631	275	7	1	1.99	2.13	0	0.54	1	0	0.999896	0.000104	1.59	1.99	-0.4	Yes	0.253521	0	0.14	0
CH	2131631	276	4	1	2.09	2.09	0.2	0.4	0	0	0.999917	0.000083	1.69	1.89	-0.2	No	0.191388	0.095694	0	4
CH	2131631	277	7	1	1.99	2.13	0.5	0	0	1	0.999934	0.000066	2.13	1.49	0.64	Yes	0	0.251256	0.14	0
CH	2131631	278	4	1	2.09	2.09	0.2	0	0	0	0.999947	0.000053	2.09	1.89	0.2	No	0	0.095694	0	4
MM	2132936	229	7	0	1.69	1.69	0	0.2	0	1	0.68	0.32	1.49	1.69	-0.2	Yes	0.118343	0	0	0
CH	2132936	230	7	1	1.69	1.99	0	0	0	1	0.544	0.456	1.99	1.69	0.3	Yes	0	0	0.3	0
CH	2132936	231	7	1	1.69	1.99	0	0	0	0	0.6352	0.3648	1.99	1.69	0.3	Yes	0	0	0.3	0
CH	2132936	233	7	1	1.75	1.99	0	0.4	1	0	0.70816	0.29184	1.59	1.75	-0.16	Yes	0.201005	0	0.24	0
CH	2132936	237	7	1	1.75	1.99	0	0.4	0	0	0.766528	0.233472	1.59	1.75	-0.16	Yes	0.201005	0	0.24	0
CH	2132936	241	7	1	1.86	2.09	0	0	0	0	0.813222	0.186778	2.09	1.86	0.23	Yes	0	0	0.23	0
CH	2132936	242	7	1	1.86	2.09	0	0	0	0	0.850578	0.149422	2.09	1.86	0.23	Yes	0	0	0.23	0
CH	2132936	253	7	1	1.86	2.09	0.1	0	0	0	0.880462	0.119538	2.09	1.76	0.33	Yes	0	0.053763	0.23	0
CH	2132936	256	7	1	1.86	2.18	0	0	0	0	0.90437	0.09563	2.18	1.86	0.32	Yes	0	0	0.32	0
CH	2132936	258	7	1	1.86	2.18	0	0	0	0	0.923496	0.076504	2.18	1.86	0.32	Yes	0	0	0.32	0
CH	2132936	259	7	1	1.86	2.18	0	0	0	0	0.938797	0.061203	2.18	1.86	0.32	Yes	0	0	0.32	0
CH	2132936	260	7	1	1.86	2.13	0	0.24	0	0	0.951037	0.048963	1.89	1.86	0.03	Yes	0.112676	0	0.27	0
CH	2132936	263	7	1	1.86	2.13	0.27	0	0	0	0.96083	0.03917	2.13	1.59	0.54	Yes	0	0.145161	0.27	0
CH	2132936	264	7	1	1.86	2.13	0.37	0	1	0	0.968664	0.031336	2.13	1.49	0.64	Yes	0	0.198925	0.27	0
CH	2132936	265	7	1	1.86	2.13	0.37	0	1	0	0.974931	0.025069	2.13	1.49	0.64	Yes	0	0.198925	0.27	0
CH	2132936	265	7	1	1.86	2.13	0.37	0	1	0	0.979945	0.020055	2.13	1.49	0.64	Yes	0	0.198925	0.27	0
CH	2132936	267	7	1	1.86	2.13	0	0	1	0	0.983956	0.016044	2.13	1.86	0.27	Yes	0	0	0.27	0
CH	2132936	270	7	1	1.86	2.13	0.27	0	1	0	0.987165	0.012835	2.13	1.59	0.54	Yes	0	0.145161	0.27	0
CH	2132936	272	7	1	1.86	2.13	0	0	0	0	0.989732	0.010268	2.13	1.86	0.27	Yes	0	0	0.27	0
CH	2132936	274	2	1	1.96	2.18	0	0.8	0	1	0.991785	0.008215	1.38	1.96	-0.58	No	0.366972	0	0.22	2
MM	2133256	228	1	0	1.69	1.69	0	0	0	0	0.32	0.68	1.69	1.69	0	No	0	0	0	1
CH	2133256	234	1	1	1.69	1.99	0	0	0	0	0.256	0.744	1.99	1.69	0.3	No	0	0	0.3	1
MM	2133256	243	1	0	1.86	1.99	0	0.8	0	1	0.4048	0.5952	1.19	1.86	-0.67	No	0.40201	0	0.13	1
CH	2133256	251	1	1	1.76	2.09	0	0	0	0	0.32384	0.67616	2.09	1.76	0.33	No	0	0	0.33	1
MM	2133256	253	1	0	1.76	2.09	0	0	0	0	0.459072	0.540928	2.09	1.76	0.33	No	0	0	0.33	1
MM	2133538	242	3	0	1.99	2.23	0	0	0	0	0.5	0.5	2.23	1.99	0.24	No	0	0	0.24	3
MM	2133538	244	3	0	1.99	2.23	0	0	0	0	0.4	0.6	2.23	1.99	0.24	No	0	0	0.24	3
MM	2133538	247	3	0	1.99	2.23	0	0	0	0	0.32	0.68	2.23	1.99	0.24	No	0	0	0.24	3
CH	2133751	274	7	1	1.86	2.13	0.47	0.54	1	0	0.52	0.48	1.59	1.39	0.2	Yes	0.253521	0.252688	0.27	0
MM	2133751	276	7	0	1.99	2.13	0	0.54	0	1	0.616	0.384	1.59	1.99	-0.4	Yes	0.253521	0	0.14	0
CH	2134775	228	7	1	1.69	1.69	0	0	0	0	0.535142	0.464858	1.69	1.69	0	Yes	0	0	0	0
CH	2134775	233	7	1	1.75	1.99	0	0.4	1	0	0.628114	0.371886	1.59	1.75	-0.16	Yes	0.201005	0	0.24	0
MM	2134775	234	7	0	1.75	1.99	0	0.4	1	0	0.702491	0.297509	1.59	1.75	-0.16	Yes	0.201005	0	0.24	0
CH	2134775	235	7	1	1.75	1.99	0	0.4	0	0	0.561993	0.438007	1.59	1.75	-0.16	Yes	0.201005	0	0.24	0
CH	2134775	236	3	1	1.79	2.09	0	0	0	0	0.649594	0.350406	2.09	1.79	0.3	No	0	0	0.3	3
CH	2134775	238	3	1	1.79	2.09	0	0	0	0	0.719675	0.280325	2.09	1.79	0.3	No	0	0	0.3	3
CH	2134775	240	7	1	1.86	2.09	0	0	0	0	0.77574	0.22426	2.09	1.86	0.23	Yes	0	0	0.23	0
CH	2134775	250	7	1	1.86	2.09	0	0	0	0	0.820592	0.179408	2.09	1.86	0.23	Yes	0	0	0.23	0
CH	2134775	254	7	1	1.86	2.18	0	0	0	0	0.856474	0.143526	2.18	1.86	0.32	Yes	0	0	0.32	0
CH	2134775	257	7	1	1.86	2.18	0	0	0	0	0.885179	0.114821	2.18	1.86	0.32	Yes	0	0	0.32	0
CH	2134775	258	7	1	1.86	2.18	0	0	0	0	0.908143	0.091857	2.18	1.86	0.32	Yes	0	0	0.32	0
CH	2134775	259	7	1	1.86	2.18	0	0	0	0	0.926515	0.073485	2.18	1.86	0.32	Yes	0	0	0.32	0
CH	2134775	260	7	1	1.86	2.13	0	0.24	0	0	0.941212	0.058788	1.89	1.86	0.03	Yes	0.112676	0	0.27	0
CH	2134775	261	7	1	1.86	2.13	0	0.24	0	0	0.952969	0.047031	1.89	1.86	0.03	Yes	0.112676	0	0.27	0
CH	2134775	262	7	1	1.86	2.13	0	0	0	0	0.962375	0.037625	2.13	1.86	0.27	Yes	0	0	0.27	0
CH	2134775	264	7	1	1.86	2.13	0.37	0	1	0	0.9699	0.0301	2.13	1.49	0.64	Yes	0	0.198925	0.27	0
CH	2134775	266	7	1	1.86	2.13	0.37	0	1	0	0.97592	0.02408	2.13	1.49	0.64	Yes	0	0.198925	0.27	0
CH	2134775	268	7	1	1.86	2.13	0	0	0	0	0.980736	0.019264	2.13	1.86	0.27	Yes	0	0	0.27	0
CH	2134775	268	7	1	1.86	2.13	0	0	0	0	0.984589	0.015411	2.13	1.86	0.27	Yes	0	0	0.27	0
CH	2134775	269	7	1	1.86	2.13	0.27	0	1	0	0.987671	0.012329	2.13	1.59	0.54	Yes	0	0.145161	0.27	0
CH	2134775	270	7	1	1.86	2.13	0.27	0	1	0	0.990137	0.009863	2.13	1.59	0.54	Yes	0	0.145161	0.27	0
CH	2134775	271	7	1	1.86	2.13	0	0	0	0	0.99211	0.00789	2.13	1.86	0.27	Yes	0	0	0.27	0
CH	2134775	272	7	1	1.86	2.13	0	0	0	0	0.993688	0.006312	2.13	1.86	0.27	Yes	0	0	0.27	0
MM	2134775	275	7	0	1.99	2.13	0	0.54	1	0	0.99495	0.00505	1.59	1.99	-0.4	Yes	0.253521	0	0.14	0
CH	2135111	229	7	1	1.69	1.69	0	0.2	0	1	0.16384	0.83616	1.49	1.69	-0.2	Yes	0.118343	0	0	0
CH	2135111	232	7	1	1.69	1.99	0	0.4	1	1	0.331072	0.668928	1.59	1.69	-0.1	Yes	0.201005	0	0.3	0
CH	2135343	257	2	1	1.86	2.18	0	0	0	0	0.5	0.5	2.18	1.86	0.32	No	0	0	0.32	2
MM	2135343	264	3	0	1.99	2.09	0.1	0	0	0	0.6	0.4	2.09	1.89	0.2	No	0	0.050251	0.1	3
MM	2135343	265	2	0	1.86	2.18	0	0	0	0	0.48	0.52	2.18	1.86	0.32	No	0	0	0.32	2
MM	2135343	267	2	0	1.86	2.18	0	0.4	0	1	0.384	0.616	1.78	1.86	-0.08	No	0.183486	0	0.32	2
CH	2135343	270	2	1	1.86	2.18	0	0	0	0	0.3072	0.6928	2.18	1.86	0.32	No	0	0	0.32	2
CH	2135343	272	2	1	1.86	2.18	0	0.06	0	0	0.44576	0.55424	2.12	1.86	0.26	No	0.027523	0	0.32	2
CH	2135343	273	2	1	1.86	2.18	0	0.06	0	0	0.556608	0.443392	2.12	1.86	0.26	No	0.027523	0	0.32	2
CH	2135343	276	2	1	1.99	2.18	0	0	0	1	0.645286	0.354714	2.18	1.99	0.19	No	0	0	0.19	2
CH	2135343	278	2	1	1.99	2.18	0	0	0	0	0.716229	0.283771	2.18	1.99	0.19	No	0	0	0.19	2
MM	2136093	259	2	0	1.86	2.18	0	0.4	0	1	0.6672	0.3328	1.78	1.86	-0.08	No	0.183486	0	0.32	2
MM	2136127	229	3	0	1.79	1.79	0	0	0	0	0.5648	0.4352	1.79	1.79	0	No	0	0	0	3
MM	2136127	235	3	0	1.79	2.09	0	0	0	0	0.45184	0.54816	2.09	1.79	0.3	No	0	0	0.3	3
MM	2136325	261	2	0	1.86	2.18	0	0	0	0	0.53376	0.46624	2.18	1.86	0.32	No	0	0	0.32	2
MM	2136325	273	2	0	1.86	2.18	0	0.06	0	0	0.427008	0.572992	2.12	1.86	0.26	No	0.027523	0	0.32	2
MM	2136325	276	3	0	2.09	2.09	0.2	0.4	0	0	0.341606	0.658394	1.69	1.89	-0.2	No	0.191388	0.095694	0	3
MM	2136325	278	3	0	2.09	2.09	0.2	0	0	0	0.273285	0.726715	2.09	1.89	0.2	No	0	0.095694	0	3
MM	2136838	229	3	0	1.79	1.79	0	0	0	0	0.027488	0.972512	1.79	1.79	0	No	0	0	0	3
MM	2136838	234	3	0	1.79	2.09	0	0	0	0	0.02199	0.97801	2.09	1.79	0.3	No	0	0	0.3	3
MM	2136838	239	3	0	1.79	2.23	0	0	0	0	0.017592	0.982408	2.23	1.79	0.44	No	0	0	0.44	3
MM	2136838	240	3	0	1.79	2.23	0	0	0	0	0.014074	0.985926	2.23	1.79	0.44	No	0	0	0.44	3
MM	2136838	240	3	0	1.79	2.23	0	0	0	0	0.011259	0.988741	2.23	1.79	0.44	No	0	0	0.44	3
MM	2136838	241	3	0	1.79	2.23	0	0	0	0	0.009007	0.990993	2.23	1.79	0.44	No	0	0	0.44	3
MM	2136838	242	3	0	1.99	2.23	0	0	0	0	0.007206	0.992794	2.23	1.99	0.24	No	0	0	0.24	3
MM	2136838	243	3	0	1.99	2.23	0	0	0	0	0.005765	0.994235	2.23	1.99	0.24	No	0	0	0.24	3
MM	2136838	244	3	0	1.99	2.23	0	0	0	0	0.004612	0.995388	2.23	1.99	0.24	No	0	0	0.24	3
MM	2136838	247	3	0	1.99	2.23	0	0	0	0	0.003689	0.996311	2.23	1.99	0.24	No	0	0	0.24	3
MM	2136838	248	3	0	1.99	2.23	0	0	0	0	0.002951	0.997049	2.23	1.99	0.24	No	0	0	0.24	3
MM	2136838	250	3	0	1.99	2.23	0	0	0	0	0.002361	0.997639	2.23	1.99	0.24	No	0	0	0.24	3
MM	2136838	253	3	0	1.99	2.23	0	0	0	0	0.001889	0.998111	2.23	1.99	0.24	No	0	0	0.24	3
MM	2136838	259	3	0	1.99	2.29	0	0	0	0	0.001511	0.998489	2.29	1.99	0.3	No	0	0	0.3	3
MM	2136838	261	3	0	1.99	2.09	0	0	0	0	0.001209	0.998791	2.09	1.99	0.1	No	0	0	0.1	3
MM	2136838	263	3	0	1.99	2.09	0	0	0	0	0.000967	0.999033	2.09	1.99	0.1	No	0	0	0.1	3
MM	2136838	264	3	0	1.99	2.09	0.1	0	0	0	0.000774	0.999226	2.09	1.89	0.2	No	0	0.050251	0.1	3
MM	2136838	266	3	0	1.99	2.09	0.1	0	0	0	0.000619	0.999381	2.09	1.89	0.2	No	0	0.050251	0.1	3
MM	2136838	267	3	0	1.99	2.09	0.1	0	0	0	0.000495	0.999505	2.09	1.89	0.2	No	0	0.050251	0.1	3
MM	2136838	270	2	0	1.86	2.18	0	0	0	0	0.000396	0.999604	2.18	1.86	0.32	No	0	0	0.32	2
MM	2136838	273	2	0	1.86	2.18	0	0.06	0	0	0.000317	0.999683	2.12	1.86	0.26	No	0.027523	0	0.32	2
MM	2136838	275	2	0	1.96	2.18	0	0.8	0	1	0.000254	0.999746	1.38	1.96	-0.58	No	0.366972	0	0.22	2
MM	2136838	276	3	0	2.09	2.09	0.2	0.4	0	0	0.000203	0.999797	1.69	1.89	-0.2	No	0.191388	0.095694	0	3
CH	2137778	228	2	1	1.69	1.69	0	0	0	0	0.48	0.52	1.69	1.69	0	No	0	0	0	2
MM	2137778	229	2	0	1.69	1.69	0	0	0	0	0.584	0.416	1.69	1.69	0	No	0	0	0	2
MM	2137778	231	2	0	1.69	1.69	0.3	0	1	0	0.4672	0.5328	1.69	1.39	0.3	No	0	0.177515	0	2
MM	2137778	233	2	0	1.69	1.69	0	0	0	0	0.37376	0.62624	1.69	1.69	0	No	0	0	0	2
CH	2137778	234	3	1	1.79	2.09	0	0	0	0	0.299008	0.700992	2.09	1.79	0.3	No	0	0	0.3	3
MM	2137778	240	2	0	1.75	1.99	0	0.3	0	1	0.439206	0.560794	1.69	1.75	-0.06	No	0.150754	0	0.24	2
MM	2137778	242	2	0	1.75	1.99	0.16	0.3	0	1	0.351365	0.648635	1.69	1.59	0.1	No	0.150754	0.091429	0.24	2
CH	2137778	245	2	1	1.89	2.09	0	0	0	0	0.281092	0.718908	2.09	1.89	0.2	No	0	0	0.2	2
MM	2137778	253	3	0	1.99	2.23	0	0	0	0	0.424874	0.575126	2.23	1.99	0.24	No	0	0	0.24	3
MM	2137778	256	2	0	1.89	2.18	0.13	0	0	0	0.339899	0.660101	2.18	1.76	0.42	No	0	0.068783	0.29	2
MM	2137778	262	2	0	1.86	2.18	0	0.6	0	1	0.271919	0.728081	1.58	1.86	-0.28	No	0.275229	0	0.32	2
MM	2137778	263	2	0	1.86	2.18	0	0	0	1	0.217535	0.782465	2.18	1.86	0.32	No	0	0	0.32	2
CH	2137778	269	3	1	1.99	2.09	0.1	0	0	0	0.174028	0.825972	2.09	1.89	0.2	No	0	0.050251	0.1	3
CH	2137778	270	2	1	1.86	2.18	0	0	0	0	0.339223	0.660777	2.18	1.86	0.32	No	0	0	0.32	2
CH	2137778	272	2	1	1.86	2.18	0	0.06	0	0	0.471378	0.528622	2.12	1.86	0.26	No	0.027523	0	0.32	2
CH	2137778	273	2	1	1.86	2.18	0	0.06	0	0	0.577102	0.422898	2.12	1.86	0.26	No	0.027523	0	0.32	2
CH	2137778	275	2	1	1.96	2.18	0	0.8	0	1	0.661682	0.338318	1.38	1.96	-0.58	No	0.366972	0	0.22	2
CH	2137778	276	2	1	1.99	2.18	0	0	0	1	0.729346	0.270654	2.18	1.99	0.19	No	0	0	0.19	2
CH	2137778	276	2	1	1.99	2.18	0	0	0	1	0.783476	0.216524	2.18	1.99	0.19	No	0	0	0.19	2
CH	2137778	278	2	1	1.99	2.18	0	0	0	0	0.826781	0.173219	2.18	1.99	0.19	No	0	0	0.19	2
MM	2137786	238	3	0	1.79	2.09	0	0	0	0	0.7952	0.2048	2.09	1.79	0.3	No	0	0	0.3	3
CH	2137786	241	3	1	1.79	2.23	0	0	0	0	0.63616	0.36384	2.23	1.79	0.44	No	0	0	0.44	3
CH	2137786	246	3	1	1.99	2.23	0	0	0	0	0.708928	0.291072	2.23	1.99	0.24	No	0	0	0.24	3
CH	2137828	251	3	1	1.99	2.23	0	0	0	0	0.5	0.5	2.23	1.99	0.24	No	0	0	0.24	3
CH	2137828	257	3	1	1.99	2.29	0	0.4	0	1	0.6	0.4	1.89	1.99	-0.1	No	0.174672	0	0.3	3
CH	2137828	264	3	1	1.99	2.09	0.1	0	0	0	0.68	0.32	2.09	1.89	0.2	No	0	0.050251	0.1	3
MM	2138081	271	3	0	1.99	2.09	0.1	0.4	1	0	0.5	0.5	1.69	1.89	-0.2	No	0.191388	0.050251	0.1	3
CH	2138081	271	3	1	1.99	2.09	0.1	0.4	1	0	0.4	0.6	1.69	1.89	-0.2	No	0.191388	0.050251	0.1	3
MM	2138685	230	1	0	1.69	1.69	0	0.2	0	0	0.4	0.6	1.49	1.69	-0.2	No	0.118343	0	0	1
CH	2138685	231	1	1	1.69	1.69	0.3	0.2	1	0	0.32	0.68	1.49	1.39	0.1	No	0.118343	0.177515	0	1
CH	2138685	251	1	1	1.76	2.09	0	0	0	0	0.456	0.544	2.09	1.76	0.33	No	0	0	0.33	1
CH	2138685	266	1	1	1.86	1.99	0	0.1	0	0	0.5648	0.4352	1.89	1.86	0.03	No	0.050251	0	0.13	1
MM	2138685	267	4	0	1.99	2.09	0.1	0	0	0	0.65184	0.34816	2.09	1.89	0.2	No	0	0.050251	0.1	4
CH	2139246	268	7	1	1.86	2.13	0	0	0	0	0.4	0.6	2.13	1.86	0.27	Yes	0	0	0.27	0
MM	2139469	262	1	0	1.76	1.99	0	0.4	0	1	0.5	0.5	1.59	1.76	-0.17	No	0.201005	0	0.23	1
MM	2139469	266	1	0	1.86	1.99	0	0.1	0	0	0.4	0.6	1.89	1.86	0.03	No	0.050251	0	0.13	1
MM	2139709	229	7	0	1.69	1.69	0	0.2	0	1	0.149422	0.850578	1.49	1.69	-0.2	Yes	0.118343	0	0	0
MM	2139709	236	7	0	1.75	1.99	0	0.4	0	0	0.119538	0.880462	1.59	1.75	-0.16	Yes	0.201005	0	0.24	0
MM	2139709	237	7	0	1.75	1.99	0	0.4	0	0	0.09563	0.90437	1.59	1.75	-0.16	Yes	0.201005	0	0.24	0
MM	2139709	238	7	0	1.75	1.99	0	0.4	0	0	0.076504	0.923496	1.59	1.75	-0.16	Yes	0.201005	0	0.24	0
MM	2139709	242	7	0	1.86	2.09	0	0	0	0	0.061203	0.938797	2.09	1.86	0.23	Yes	0	0	0.23	0
MM	2139709	254	7	0	1.86	2.18	0	0	0	0	0.048963	0.951037	2.18	1.86	0.32	Yes	0	0	0.32	0
MM	2139709	255	7	0	1.86	2.18	0	0	0	0	0.03917	0.96083	2.18	1.86	0.32	Yes	0	0	0.32	0
CH	2140103	233	7	1	1.75	1.99	0	0.4	1	0	0.744	0.256	1.59	1.75	-0.16	Yes	0.201005	0	0.24	0
CH	2140103	251	7	1	1.86	2.09	0.1	0	0	0	0.7952	0.2048	2.09	1.76	0.33	Yes	0	0.053763	0.23	0
CH	2140103	253	7	1	1.86	2.09	0.1	0	0	0	0.83616	0.16384	2.09	1.76	0.33	Yes	0	0.053763	0.23	0
CH	2140103	254	1	1	1.76	2.09	0	0	0	0	0.868928	0.131072	2.09	1.76	0.33	No	0	0	0.33	1
CH	2140103	260	7	1	1.86	2.13	0	0.24	0	0	0.895142	0.104858	1.89	1.86	0.03	Yes	0.112676	0	0.27	0
CH	2140103	261	7	1	1.86	2.13	0	0.24	0	0	0.916114	0.083886	1.89	1.86	0.03	Yes	0.112676	0	0.27	0
CH	2140103	263	7	1	1.86	2.13	0.27	0	0	0	0.932891	0.067109	2.13	1.59	0.54	Yes	0	0.145161	0.27	0
CH	2140103	264	7	1	1.86	2.13	0.37	0	1	0	0.946313	0.053687	2.13	1.49	0.64	Yes	0	0.198925	0.27	0
CH	2140103	267	7	1	1.86	2.13	0	0	1	0	0.95705	0.04295	2.13	1.86	0.27	Yes	0	0	0.27	0
CH	2140103	268	7	1	1.86	2.13	0	0	0	0	0.96564	0.03436	2.13	1.86	0.27	Yes	0	0	0.27	0
CH	2140103	269	7	1	1.86	2.13	0.27	0	1	0	0.972512	0.027488	2.13	1.59	0.54	Yes	0	0.145161	0.27	0
CH	2140103	277	7	1	1.99	2.13	0.5	0	0	1	0.97801	0.02199	2.13	1.49	0.64	Yes	0	0.251256	0.14	0
CH	2140103	278	7	1	2.06	2.13	0	0	0	0	0.982408	0.017592	2.13	2.06	0.07	Yes	0	0	0.07	0
CH	2140640	230	4	1	1.79	1.79	0	0	0	0	0.52	0.48	1.79	1.79	0	No	0	0	0	4
MM	2140640	273	4	0	1.99	2.09	0	0.4	0	0	0.616	0.384	1.69	1.99	-0.3	No	0.191388	0	0.1	4
MM	2140681	227	4	0	1.79	1.79	0	0	0	1	0.5	0.5	1.79	1.79	0	No	0	0	0	4
MM	2140681	229	4	0	1.79	1.79	0	0	0	0	0.4	0.6	1.79	1.79	0	No	0	0	0	4
MM	2140681	230	4	0	1.79	1.79	0	0	0	0	0.32	0.68	1.79	1.79	0	No	0	0	0	4
MM	2141697	252	4	0	1.99	2.23	0	0	0	0	0.5	0.5	2.23	1.99	0.24	No	0	0	0.24	4
CH	2141697	265	4	1	1.99	2.09	0.1	0	0	0	0.4	0.6	2.09	1.89	0.2	No	0	0.050251	0.1	4
CH	2142190	262	4	1	1.99	2.09	0	0	0	0	0.6	0.4	2.09	1.99	0.1	No	0	0	0.1	4
MM	2142232	275	7	0	1.99	2.13	0	0.54	1	0	0.6	0.4	1.59	1.99	-0.4	Yes	0.253521	0	0.14	0
MM	2142422	259	7	0	1.86	2.18	0	0	0	0	0.4	0.6	2.18	1.86	0.32	Yes	0	0	0.32	0
MM	2142422	261	7	0	1.86	2.13	0	0.24	0	0	0.32	0.68	1.89	1.86	0.03	Yes	0.112676	0	0.27	0
MM	2142695	240	4	0	1.79	2.23	0	0	0	0	0.5	0.5	2.23	1.79	0.44	No	0	0	0.44	4
MM	2142695	244	1	0	1.86	2.09	0	0	0	0	0.4	0.6	2.09	1.86	0.23	No	0	0	0.23	1
MM	2142976	233	7	0	1.75	1.99	0	0.4	1	0	0.4	0.6	1.59	1.75	-0.16	Yes	0.201005	0	0.24	0
MM	2142976	256	3	0	1.99	2.29	0	0	0	0	0.32	0.68	2.29	1.99	0.3	No	0	0	0.3	3
MM	2142976	258	2	0	1.86	2.18	0	0	0	0	0.256	0.744	2.18	1.86	0.32	No	0	0	0.32	2
CH	2142976	264	7	1	1.86	2.13	0.37	0	1	0	0.2048	0.7952	2.13	1.49	0.64	Yes	0	0.198925	0.27	0
CH	2142976	266	2	1	1.86	2.18	0	0	0	0	0.36384	0.63616	2.18	1.86	0.32	No	0	0	0.32	2
MM	2142976	267	1	0	1.86	1.99	0	0.2	0	1	0.491072	0.508928	1.79	1.86	-0.07	No	0.100503	0	0.13	1
MM	2142976	274	2	0	1.96	2.18	0	0.8	0	1	0.392858	0.607142	1.38	1.96	-0.58	No	0.366972	0	0.22	2
CH	2142976	274	7	1	1.86	2.13	0.47	0.54	1	0	0.314286	0.685714	1.59	1.39	0.2	Yes	0.253521	0.252688	0.27	0
MM	2143180	228	1	0	1.69	1.69	0	0	0	0	0.5	0.5	1.69	1.69	0	No	0	0	0	1
MM	2143180	237	2	0	1.75	1.99	0	0	0	0	0.4	0.6	1.99	1.75	0.24	No	0	0	0.24	2
CH	2143180	258	1	1	1.76	2.18	0	0	0	0	0.32	0.68	2.18	1.76	0.42	No	0	0	0.42	1
MM	2143495	228	2	0	1.69	1.69	0	0	0	0	0.256	0.744	1.69	1.69	0	No	0	0	0	2
MM	2143495	229	2	0	1.69	1.69	0	0	0	0	0.2048	0.7952	1.69	1.69	0	No	0	0	0	2
MM	2143495	236	2	0	1.75	1.99	0	0	0	0	0.16384	0.83616	1.99	1.75	0.24	No	0	0	0.24	2
MM	2143495	242	2	0	1.75	1.99	0.16	0.3	0	1	0.131072	0.868928	1.69	1.59	0.1	No	0.150754	0.091429	0.24	2
CH	2143495	254	2	1	1.89	2.09	0.13	0	0	0	0.104858	0.895142	2.09	1.76	0.33	No	0	0.068783	0.2	2
CH	2143495	257	2	1	1.86	2.18	0	0	0	0	0.283886	0.716114	2.18	1.86	0.32	No	0	0	0.32	2
MM	2143495	260	2	0	1.86	2.18	0	0.7	0	0	0.427109	0.572891	1.48	1.86	-0.38	No	0.321101	0	0.32	2
CH	2143644	227	7	1	1.69	1.69	0	0	0	1	0.072993	0.927007	1.69	1.69	0	Yes	0	0	0	0
MM	2143644	227	2	0	1.69	1.69	0	0	0	0	0.258395	0.741605	1.69	1.69	0	No	0	0	0	2
MM	2143644	228	2	0	1.69	1.69	0	0	0	0	0.206716	0.793284	1.69	1.69	0	No	0	0	0	2
MM	2143644	229	2	0	1.69	1.69	0	0	0	0	0.165373	0.834627	1.69	1.69	0	No	0	0	0	2
MM	2143644	230	7	0	1.69	1.99	0	0	0	1	0.132298	0.867702	1.99	1.69	0.3	Yes	0	0	0.3	0
MM	2143644	233	2	0	1.69	1.69	0	0	0	0	0.105838	0.894162	1.69	1.69	0	No	0	0	0	2
CH	2143644	235	7	1	1.75	1.99	0	0.4	0	0	0.084671	0.915329	1.59	1.75	-0.16	Yes	0.201005	0	0.24	0
MM	2143644	236	2	0	1.75	1.99	0	0	0	0	0.267737	0.732263	1.99	1.75	0.24	No	0	0	0.24	2
MM	2143644	237	2	0	1.75	1.99	0	0	0	0	0.214189	0.785811	1.99	1.75	0.24	No	0	0	0.24	2
MM	2143644	237	2	0	1.75	1.99	0	0	0	0	0.171351	0.828649	1.99	1.75	0.24	No	0	0	0.24	2
CH	2143644	239	7	1	1.79	2.09	0	0	0	0	0.137081	0.862919	2.09	1.79	0.3	Yes	0	0	0.3	0
MM	2143644	240	7	0	1.86	2.09	0	0	0	0	0.309665	0.690335	2.09	1.86	0.23	Yes	0	0	0.23	0
MM	2143644	242	2	0	1.75	1.99	0.16	0.3	0	1	0.247732	0.752268	1.69	1.59	0.1	No	0.150754	0.091429	0.24	2
CH	2143644	257	7	1	1.86	2.18	0	0	0	0	0.198186	0.801814	2.18	1.86	0.32	Yes	0	0	0.32	0
MM	2143644	258	7	0	1.86	2.18	0	0	0	0	0.358548	0.641452	2.18	1.86	0.32	Yes	0	0	0.32	0
CH	2143644	264	7	1	1.86	2.13	0.37	0	1	0	0.286839	0.713161	2.13	1.49	0.64	Yes	0	0.198925	0.27	0
MM	2143644	271	7	0	1.86	2.13	0	0	0	0	0.429471	0.570529	2.13	1.86	0.27	Yes	0	0	0.27	0
MM	2143644	272	3	0	1.99	2.09	0	0.4	0	0	0.343577	0.656423	1.69	1.99	-0.3	No	0.191388	0	0.1	3
MM	2143644	272	2	0	1.86	2.18	0	0.06	0	0	0.274861	0.725139	2.12	1.86	0.26	No	0.027523	0	0.32	2
MM	2143644	274	7	0	1.86	2.13	0.47	0.54	1	0	0.219889	0.780111	1.59	1.39	0.2	Yes	0.253521	0.252688	0.27	0
MM	2143644	274	2	0	1.96	2.18	0	0.8	0	1	0.175911	0.824089	1.38	1.96	-0.58	No	0.366972	0	0.22	2
MM	2143644	275	7	0	1.99	2.13	0	0.54	1	0	0.140729	0.859271	1.59	1.99	-0.4	Yes	0.253521	0	0.14	0
MM	2143644	276	7	0	1.99	2.13	0	0.54	0	1	0.112583	0.887417	1.59	1.99	-0.4	Yes	0.253521	0	0.14	0
MM	2143768	227	1	0	1.69	1.69	0	0	0	0	0.433472	0.566528	1.69	1.69	0	No	0	0	0	1
MM	2143768	236	1	0	1.75	1.99	0	0	0	0	0.346778	0.653222	1.99	1.75	0.24	No	0	0	0.24	1
CH	2143768	243	1	1	1.86	1.99	0	0.8	0	1	0.277422	0.722578	1.19	1.86	-0.67	No	0.40201	0	0.13	1
MM	2143768	255	7	0	1.86	2.18	0	0	0	0	0.421938	0.578062	2.18	1.86	0.32	Yes	0	0	0.32	0
MM	2143768	261	7	0	1.86	2.13	0	0.24	0	0	0.33755	0.66245	1.89	1.86	0.03	Yes	0.112676	0	0.27	0
MM	2144030	230	3	0	1.79	1.79	0	0	0	0	0.283886	0.716114	1.79	1.79	0	No	0	0	0	3
MM	2144030	234	7	0	1.75	1.99	0	0.4	1	0	0.227109	0.772891	1.59	1.75	-0.16	Yes	0.201005	0	0.24	0
MM	2144030	235	3	0	1.79	2.09	0	0	0	0	0.181687	0.818313	2.09	1.79	0.3	No	0	0	0.3	3
MM	2144030	238	3	0	1.79	2.09	0	0	0	0	0.14535	0.85465	2.09	1.79	0.3	No	0	0	0.3	3
MM	2144030	241	3	0	1.79	2.23	0	0	0	0	0.11628	0.88372	2.23	1.79	0.44	No	0	0	0.44	3
MM	2144030	244	7	0	1.86	2.09	0	0.2	0	0	0.093024	0.906976	1.89	1.86	0.03	Yes	0.095694	0	0.23	0
MM	2144030	257	3	0	1.99	2.29	0	0.4	0	1	0.074419	0.925581	1.89	1.99	-0.1	No	0.174672	0	0.3	3
MM	2144030	258	2	0	1.86	2.18	0	0	0	0	0.059535	0.940465	2.18	1.86	0.32	No	0	0	0.32	2
MM	2144030	259	3	0	1.99	2.29	0	0	0	0	0.047628	0.952372	2.29	1.99	0.3	No	0	0	0.3	3
MM	2144030	260	3	0	1.99	2.09	0	0	0	0	0.038103	0.961897	2.09	1.99	0.1	No	0	0	0.1	3
MM	2144030	261	3	0	1.99	2.09	0	0	0	0	0.030482	0.969518	2.09	1.99	0.1	No	0	0	0.1	3
CH	2144865	232	2	1	1.69	1.69	0	0	1	0	0.4352	0.5648	1.69	1.69	0	No	0	0	0	2
CH	2144865	235	2	1	1.69	1.99	0	0	0	0	0.54816	0.45184	1.99	1.69	0.3	No	0	0	0.3	2
CH	2144956	242	3	1	1.99	2.23	0	0	0	0	0.416	0.584	2.23	1.99	0.24	No	0	0	0.24	3
CH	2144956	277	3	1	2.09	2.09	0.2	0.4	0	0	0.5328	0.4672	1.69	1.89	-0.2	No	0.191388	0.095694	0	3
CH	2146605	262	4	1	1.99	2.09	0	0	0	0	0.104858	0.895142	2.09	1.99	0.1	No	0	0	0.1	4
CH	2146605	264	7	1	1.86	2.13	0.37	0	1	0	0.283886	0.716114	2.13	1.49	0.64	Yes	0	0.198925	0.27	0
MM	2146605	265	7	0	1.86	2.13	0.37	0	1	0	0.427109	0.572891	2.13	1.49	0.64	Yes	0	0.198925	0.27	0
MM	2146605	267	4	0	1.99	2.09	0.1	0	0	0	0.341687	0.658313	2.09	1.89	0.2	No	0	0.050251	0.1	4
MM	2146605	270	4	0	1.99	2.09	0.1	0	0	0	0.27335	0.72665	2.09	1.89	0.2	No	0	0.050251	0.1	4
MM	2146605	272	7	0	1.86	2.13	0	0	0	0	0.21868	0.78132	2.13	1.86	0.27	Yes	0	0	0.27	0
CH	2147157	234	7	1	1.75	1.99	0	0.4	1	0	0.5	0.5	1.59	1.75	-0.16	Yes	0.201005	0	0.24	0
MM	2147157	243	1	0	1.86	1.99	0	0.8	0	1	0.6	0.4	1.19	1.86	-0.67	No	0.40201	0	0.13	1
MM	2147157	257	4	0	1.99	2.29	0	0.4	0	1	0.48	0.52	1.89	1.99	-0.1	No	0.174672	0	0.3	4
MM	2147157	261	1	0	1.76	1.99	0	0	0	0	0.384	0.616	1.99	1.76	0.23	No	0	0	0.23	1
CH	2147157	265	1	1	1.76	1.99	0	0.1	0	0	0.3072	0.6928	1.89	1.76	0.13	No	0.050251	0	0.23	1
MM	2147157	275	1	0	1.96	2.13	0	0.74	0	1	0.44576	0.55424	1.39	1.96	-0.57	No	0.347418	0	0.17	1
MM	2147173	243	1	0	1.86	1.99	0	0.8	0	1	0.6	0.4	1.19	1.86	-0.67	No	0.40201	0	0.13	1
CH	2147173	251	1	1	1.76	2.09	0	0	0	0	0.48	0.52	2.09	1.76	0.33	No	0	0	0.33	1
CH	2147173	256	1	1	1.76	2.18	0	0	0	0	0.584	0.416	2.18	1.76	0.42	No	0	0	0.42	1
CH	2147173	257	1	1	1.76	2.18	0	0	0	0	0.6672	0.3328	2.18	1.76	0.42	No	0	0	0.42	1
CH	2147173	258	1	1	1.76	2.18	0	0	0	0	0.73376	0.26624	2.18	1.76	0.42	No	0	0	0.42	1
CH	2147173	261	1	1	1.76	1.99	0	0	0	0	0.787008	0.212992	1.99	1.76	0.23	No	0	0	0.23	1
CH	2147173	266	1	1	1.86	1.99	0	0.1	0	0	0.829606	0.170394	1.89	1.86	0.03	No	0.050251	0	0.13	1
MM	2147173	275	1	0	1.96	2.13	0	0.74	0	1	0.863685	0.136315	1.39	1.96	-0.57	No	0.347418	0	0.17	1
CH	2147207	233	7	1	1.75	1.99	0	0.4	1	0	0.524608	0.475392	1.59	1.75	-0.16	Yes	0.201005	0	0.24	0
CH	2147207	256	7	1	1.86	2.18	0	0	0	0	0.619686	0.380314	2.18	1.86	0.32	Yes	0	0	0.32	0
MM	2147207	260	3	0	1.99	2.09	0	0	0	0	0.695749	0.304251	2.09	1.99	0.1	No	0	0	0.1	3
MM	2147207	262	2	0	1.86	2.18	0	0.6	0	1	0.556599	0.443401	1.58	1.86	-0.28	No	0.275229	0	0.32	2
MM	2147207	263	2	0	1.86	2.18	0	0	0	1	0.445279	0.554721	2.18	1.86	0.32	No	0	0	0.32	2
CH	2147207	264	7	1	1.86	2.13	0.37	0	1	0	0.356224	0.643776	2.13	1.49	0.64	Yes	0	0.198925	0.27	0
CH	2147207	267	2	1	1.86	2.18	0	0.4	0	1	0.484979	0.515021	1.78	1.86	-0.08	No	0.183486	0	0.32	2
CH	2147207	268	2	1	1.86	2.18	0	0	0	1	0.587983	0.412017	2.18	1.86	0.32	No	0	0	0.32	2
MM	2147207	271	3	0	1.99	2.09	0.1	0.4	1	0	0.670386	0.329614	1.69	1.89	-0.2	No	0.191388	0.050251	0.1	3
CH	2147207	272	2	1	1.86	2.18	0	0.06	0	0	0.536309	0.463691	2.12	1.86	0.26	No	0.027523	0	0.32	2
CH	2147207	274	7	1	1.86	2.13	0.47	0.54	1	0	0.629047	0.370953	1.59	1.39	0.2	Yes	0.253521	0.252688	0.27	0
MM	2147207	275	7	0	1.99	2.13	0	0.54	1	0	0.703238	0.296762	1.59	1.99	-0.4	Yes	0.253521	0	0.14	0
MM	2147207	275	2	0	1.96	2.18	0	0.8	0	1	0.56259	0.43741	1.38	1.96	-0.58	No	0.366972	0	0.22	2
MM	2147207	277	3	0	2.09	2.09	0.2	0.4	0	0	0.450072	0.549928	1.69	1.89	-0.2	No	0.191388	0.095694	0	3
MM	2147553	246	2	0	1.89	2.09	0	0	0	0	0.48	0.52	2.09	1.89	0.2	No	0	0	0.2	2
CH	2147660	227	4	1	1.79	1.79	0	0	0	1	0.48	0.52	1.79	1.79	0	No	0	0	0	4
CH	2147660	228	7	1	1.69	1.69	0	0	0	0	0.584	0.416	1.69	1.69	0	Yes	0	0	0	0
CH	2147660	255	7	1	1.86	2.18	0	0	0	0	0.6672	0.3328	2.18	1.86	0.32	Yes	0	0	0.32	0
CH	2147660	265	7	1	1.86	2.13	0.37	0	1	0	0.73376	0.26624	2.13	1.49	0.64	Yes	0	0.198925	0.27	0
CH	2147660	267	7	1	1.86	2.13	0	0	1	0	0.787008	0.212992	2.13	1.86	0.27	Yes	0	0	0.27	0
CH	2147660	269	7	1	1.86	2.13	0.27	0	1	0	0.829606	0.170394	2.13	1.59	0.54	Yes	0	0.145161	0.27	0
CH	2147660	271	7	1	1.86	2.13	0	0	0	0	0.863685	0.136315	2.13	1.86	0.27	Yes	0	0	0.27	0
CH	2147660	272	7	1	1.86	2.13	0	0	0	0	0.890948	0.109052	2.13	1.86	0.27	Yes	0	0	0.27	0
CH	2147660	274	7	1	1.86	2.13	0.47	0.54	1	0	0.912758	0.087242	1.59	1.39	0.2	Yes	0.253521	0.252688	0.27	0
CH	2147819	274	7	1	1.86	2.13	0.47	0.54	1	0	0.5	0.5	1.59	1.39	0.2	Yes	0.253521	0.252688	0.27	0
MM	2147819	275	2	0	1.96	2.18	0	0.8	0	1	0.6	0.4	1.38	1.96	-0.58	No	0.366972	0	0.22	2
MM	2147819	276	7	0	1.99	2.13	0	0.54	0	1	0.48	0.52	1.59	1.99	-0.4	Yes	0.253521	0	0.14	0
CH	2147819	277	7	1	1.99	2.13	0.5	0	0	1	0.384	0.616	2.13	1.49	0.64	Yes	0	0.251256	0.14	0
MM	2147884	246	7	0	1.86	2.09	0	0	0	0	0.256	0.744	2.09	1.86	0.23	Yes	0	0	0.23	0
CH	2148098	253	7	1	1.86	2.09	0.1	0	0	0	0.4	0.6	2.09	1.76	0.33	Yes	0	0.053763	0.23	0
CH	2148098	266	7	1	1.86	2.13	0.37	0	1	0	0.52	0.48	2.13	1.49	0.64	Yes	0	0.198925	0.27	0
CH	2148098	266	7	1	1.86	2.13	0.37	0	1	0	0.616	0.384	2.13	1.49	0.64	Yes	0	0.198925	0.27	0
CH	2148098	267	7	1	1.86	2.13	0	0	1	0	0.6928	0.3072	2.13	1.86	0.27	Yes	0	0	0.27	0
CH	2148098	269	7	1	1.86	2.13	0.27	0	1	0	0.75424	0.24576	2.13	1.59	0.54	Yes	0	0.145161	0.27	0
CH	2148098	274	7	1	1.86	2.13	0.47	0.54	1	0	0.803392	0.196608	1.59	1.39	0.2	Yes	0.253521	0.252688	0.27	0
CH	2148536	253	2	1	1.89	2.09	0.13	0	0	0	0.6	0.4	2.09	1.76	0.33	No	0	0.068783	0.2	2
CH	2148536	255	2	1	1.89	2.18	0.13	0	0	0	0.68	0.32	2.18	1.76	0.42	No	0	0.068783	0.29	2
CH	2149096	264	2	1	1.86	2.18	0	0	0	0	0.584	0.416	2.18	1.86	0.32	No	0	0	0.32	2
CH	2149252	235	3	1	1.79	2.09	0	0	0	0	0.5	0.5	2.09	1.79	0.3	No	0	0	0.3	3
CH	2149252	236	3	1	1.79	2.09	0	0	0	0	0.6	0.4	2.09	1.79	0.3	No	0	0	0.3	3
CH	2149252	237	2	1	1.75	1.99	0	0	0	0	0.68	0.32	1.99	1.75	0.24	No	0	0	0.24	2
CH	2149252	238	2	1	1.75	1.99	0	0	0	0	0.744	0.256	1.99	1.75	0.24	No	0	0	0.24	2
CH	2149252	239	3	1	1.79	2.23	0	0	0	0	0.7952	0.2048	2.23	1.79	0.44	No	0	0	0.44	3
CH	2149252	240	2	1	1.75	1.99	0	0.3	0	1	0.83616	0.16384	1.69	1.75	-0.06	No	0.150754	0	0.24	2
CH	2149252	241	3	1	1.79	2.23	0	0	0	0	0.868928	0.131072	2.23	1.79	0.44	No	0	0	0.44	3
CH	2149252	242	2	1	1.75	1.99	0.16	0.3	0	1	0.895142	0.104858	1.69	1.59	0.1	No	0.150754	0.091429	0.24	2
CH	2149252	245	3	1	1.99	2.23	0	0	0	0	0.916114	0.083886	2.23	1.99	0.24	No	0	0	0.24	3
CH	2149369	246	3	1	1.99	2.23	0	0	0	0	0.5	0.5	2.23	1.99	0.24	No	0	0	0.24	3
MM	2149369	267	3	0	1.99	2.09	0.1	0	0	0	0.6	0.4	2.09	1.89	0.2	No	0	0.050251	0.1	3
MM	2149609	232	2	0	1.69	1.69	0	0	1	0	0.5	0.5	1.69	1.69	0	No	0	0	0	2
MM	2149609	262	2	0	1.86	2.18	0	0.6	0	1	0.4	0.6	1.58	1.86	-0.28	No	0.275229	0	0.32	2
MM	2149609	267	2	0	1.86	2.18	0	0.4	0	1	0.32	0.68	1.78	1.86	-0.08	No	0.183486	0	0.32	2
MM	2149609	274	2	0	1.96	2.18	0	0.8	0	1	0.256	0.744	1.38	1.96	-0.58	No	0.366972	0	0.22	2
MM	2149609	276	7	0	1.99	2.13	0	0.54	0	1	0.2048	0.7952	1.59	1.99	-0.4	Yes	0.253521	0	0.14	0
CH	2149724	229	3	1	1.79	1.79	0	0	0	0	0.4	0.6	1.79	1.79	0	No	0	0	0	3
CH	2149724	232	3	1	1.79	2.09	0	0	0	0	0.52	0.48	2.09	1.79	0.3	No	0	0	0.3	3
CH	2149724	235	3	1	1.79	2.09	0	0	0	0	0.616	0.384	2.09	1.79	0.3	No	0	0	0.3	3
CH	2149724	240	3	1	1.79	2.23	0	0	0	0	0.6928	0.3072	2.23	1.79	0.44	No	0	0	0.44	3
CH	2149724	244	3	1	1.99	2.23	0	0	0	0	0.75424	0.24576	2.23	1.99	0.24	No	0	0	0.24	3
CH	2149724	248	3	1	1.99	2.23	0	0	0	0	0.803392	0.196608	2.23	1.99	0.24	No	0	0	0.24	3
CH	2149724	249	3	1	1.99	2.23	0	0	0	0	0.842714	0.157286	2.23	1.99	0.24	No	0	0	0.24	3
CH	2149724	252	3	1	1.99	2.23	0	0	0	0	0.874171	0.125829	2.23	1.99	0.24	No	0	0	0.24	3
CH	2149724	255	3	1	1.99	2.29	0	0	0	0	0.899337	0.100663	2.29	1.99	0.3	No	0	0	0.3	3
CH	2149724	258	3	1	1.99	2.29	0	0	0	0	0.919469	0.080531	2.29	1.99	0.3	No	0	0	0.3	3
CH	2149724	260	3	1	1.99	2.09	0	0	0	0	0.935575	0.064425	2.09	1.99	0.1	No	0	0	0.1	3
CH	2149724	263	3	1	1.99	2.09	0	0	0	0	0.94846	0.05154	2.09	1.99	0.1	No	0	0	0.1	3
CH	2149724	266	3	1	1.99	2.09	0.1	0	0	0	0.958768	0.041232	2.09	1.89	0.2	No	0	0.050251	0.1	3
CH	2149724	269	3	1	1.99	2.09	0.1	0	0	0	0.967015	0.032985	2.09	1.89	0.2	No	0	0.050251	0.1	3
CH	2149724	271	3	1	1.99	2.09	0.1	0.4	1	0	0.973612	0.026388	1.69	1.89	-0.2	No	0.191388	0.050251	0.1	3
CH	2149724	274	3	1	1.99	2.09	0	0.4	0	0	0.978889	0.021111	1.69	1.99	-0.3	No	0.191388	0	0.1	3
CH	2149724	276	3	1	2.09	2.09	0.2	0.4	0	0	0.983112	0.016888	1.69	1.89	-0.2	No	0.191388	0.095694	0	3
CH	2149724	278	3	1	2.09	2.09	0.2	0	0	0	0.986489	0.013511	2.09	1.89	0.2	No	0	0.095694	0	3
CH	2150177	231	2	1	1.69	1.69	0.3	0	1	0	0.5	0.5	1.69	1.39	0.3	No	0	0.177515	0	2
CH	2150177	257	2	1	1.86	2.18	0	0	0	0	0.6	0.4	2.18	1.86	0.32	No	0	0	0.32	2
CH	2150177	259	2	1	1.86	2.18	0	0.4	0	1	0.68	0.32	1.78	1.86	-0.08	No	0.183486	0	0.32	2
MM	2150177	275	2	0	1.96	2.18	0	0.8	0	1	0.744	0.256	1.38	1.96	-0.58	No	0.366972	0	0.22	2
MM	2150185	241	1	0	1.86	1.99	0	0.3	0	1	0.5	0.5	1.69	1.86	-0.17	No	0.150754	0	0.13	1
MM	2150185	277	7	0	1.99	2.13	0.5	0	0	1	0.4	0.6	2.13	1.49	0.64	Yes	0	0.251256	0.14	0
MM	2150425	262	1	0	1.76	1.99	0	0.4	0	1	0.5	0.5	1.59	1.76	-0.17	No	0.201005	0	0.23	1
MM	2150425	263	1	0	1.76	1.99	0	0.4	0	1	0.4	0.6	1.59	1.76	-0.17	No	0.201005	0	0.23	1
CH	2150797	242	3	1	1.99	2.23	0	0	0	0	0.6	0.4	2.23	1.99	0.24	No	0	0	0.24	3
CH	2150797	247	2	1	1.89	2.09	0	0	0	0	0.68	0.32	2.09	1.89	0.2	No	0	0	0.2	2
CH	2150797	250	2	1	1.89	2.09	0	0	0	0	0.744	0.256	2.09	1.89	0.2	No	0	0	0.2	2
CH	2151951	236	7	1	1.75	1.99	0	0.4	0	0	0.6	0.4	1.59	1.75	-0.16	Yes	0.201005	0	0.24	0
MM	2151951	236	2	0	1.75	1.99	0	0	0	0	0.68	0.32	1.99	1.75	0.24	No	0	0	0.24	2
CH	2151951	237	7	1	1.75	1.99	0	0.4	0	0	0.544	0.456	1.59	1.75	-0.16	Yes	0.201005	0	0.24	0
CH	2151951	238	4	1	1.79	2.09	0	0	0	0	0.6352	0.3648	2.09	1.79	0.3	No	0	0	0.3	4
CH	2151951	239	2	1	1.75	1.99	0	0.3	0	1	0.70816	0.29184	1.69	1.75	-0.06	No	0.150754	0	0.24	2
CH	2151951	254	7	1	1.86	2.18	0	0	0	0	0.766528	0.233472	2.18	1.86	0.32	Yes	0	0	0.32	0
CH	2151951	263	7	1	1.86	2.13	0.27	0	0	0	0.813222	0.186778	2.13	1.59	0.54	Yes	0	0.145161	0.27	0
CH	2151951	264	7	1	1.86	2.13	0.37	0	1	0	0.850578	0.149422	2.13	1.49	0.64	Yes	0	0.198925	0.27	0
CH	2151951	266	4	1	1.99	2.09	0.1	0	0	0	0.880462	0.119538	2.09	1.89	0.2	No	0	0.050251	0.1	4
CH	2152264	259	7	1	1.86	2.18	0	0	0	0	0.32	0.68	2.18	1.86	0.32	Yes	0	0	0.32	0
MM	2152397	274	7	0	1.86	2.13	0.47	0.54	1	0	0.5	0.5	1.59	1.39	0.2	Yes	0.253521	0.252688	0.27	0
CH	2152397	274	7	1	1.86	2.13	0.47	0.54	1	0	0.4	0.6	1.59	1.39	0.2	Yes	0.253521	0.252688	0.27	0
CH	2152470	259	7	1	1.86	2.18	0	0	0	0	0.5	0.5	2.18	1.86	0.32	Yes	0	0	0.32	0
CH	2152470	274	7	1	1.86	2.13	0.47	0.54	1	0	0.6	0.4	1.59	1.39	0.2	Yes	0.253521	0.252688	0.27	0
MM	2152736	228	3	0	1.79	1.79	0	0	0	0	0.26624	0.73376	1.79	1.79	0	No	0	0	0	3
MM	2152736	231	2	0	1.69	1.69	0.3	0	1	0	0.212992	0.787008	1.69	1.39	0.3	No	0	0.177515	0	2
MM	2152736	232	2	0	1.69	1.69	0	0	1	0	0.170394	0.829606	1.69	1.69	0	No	0	0	0	2
MM	2152736	234	2	0	1.69	1.99	0	0	0	0	0.136315	0.863685	1.99	1.69	0.3	No	0	0	0.3	2
MM	2152736	235	2	0	1.69	1.99	0	0	0	0	0.109052	0.890948	1.99	1.69	0.3	No	0	0	0.3	2
MM	2152736	236	2	0	1.75	1.99	0	0	0	0	0.087242	0.912758	1.99	1.75	0.24	No	0	0	0.24	2
MM	2152736	236	7	0	1.75	1.99	0	0.4	0	0	0.069793	0.930207	1.59	1.75	-0.16	Yes	0.201005	0	0.24	0
MM	2152736	238	2	0	1.75	1.99	0	0	0	0	0.055835	0.944165	1.99	1.75	0.24	No	0	0	0.24	2
MM	2152736	239	2	0	1.75	1.99	0	0.3	0	1	0.044668	0.955332	1.69	1.75	-0.06	No	0.150754	0	0.24	2
CH	2152736	241	1	1	1.86	1.99	0	0.3	0	1	0.035734	0.964266	1.69	1.86	-0.17	No	0.150754	0	0.13	1
MM	2152736	245	2	0	1.89	2.09	0	0	0	0	0.228587	0.771413	2.09	1.89	0.2	No	0	0	0.2	2
CH	2152736	251	2	1	1.89	2.09	0.13	0	0	0	0.18287	0.81713	2.09	1.76	0.33	No	0	0.068783	0.2	2
CH	2152736	258	7	1	1.86	2.18	0	0	0	0	0.346296	0.653704	2.18	1.86	0.32	Yes	0	0	0.32	0
MM	2152736	275	1	0	1.96	2.13	0	0.74	0	1	0.477037	0.522963	1.39	1.96	-0.57	No	0.347418	0	0.17	1
MM	2152736	276	1	0	1.99	2.13	0	0	0	1	0.381629	0.618371	2.13	1.99	0.14	No	0	0	0.14	1
CH	2152751	233	7	1	1.75	1.99	0	0.4	1	0	0.5	0.5	1.59	1.75	-0.16	Yes	0.201005	0	0.24	0
CH	2152751	270	7	1	1.86	2.13	0.27	0	1	0	0.6	0.4	2.13	1.59	0.54	Yes	0	0.145161	0.27	0
MM	2152793	245	2	0	1.89	2.09	0	0	0	0	0.5	0.5	2.09	1.89	0.2	No	0	0	0.2	2
CH	2152793	278	7	1	2.06	2.13	0	0	0	0	0.4	0.6	2.13	2.06	0.07	Yes	0	0	0.07	0
CH	2153874	230	4	1	1.79	1.79	0	0	0	0	0.6672	0.3328	1.79	1.79	0	No	0	0	0	4
CH	2154153	253	1	1	1.76	2.09	0	0	0	0	0.5	0.5	2.09	1.76	0.33	No	0	0	0.33	1
CH	2154153	266	7	1	1.86	2.13	0.37	0	1	0	0.6	0.4	2.13	1.49	0.64	Yes	0	0.198925	0.27	0
MM	2154229	227	4	0	1.79	1.79	0	0	0	1	0.4	0.6	1.79	1.79	0	No	0	0	0	4
MM	2154336	233	7	0	1.75	1.99	0	0.4	1	0	0.4	0.6	1.59	1.75	-0.16	Yes	0.201005	0	0.24	0
CH	2154336	277	7	1	1.99	2.13	0.5	0	0	1	0.32	0.68	2.13	1.49	0.64	Yes	0	0.251256	0.14	0
MM	2154989	247	1	0	1.86	2.09	0	0	0	0	0.5	0.5	2.09	1.86	0.23	No	0	0	0.23	1
MM	2154989	253	1	0	1.76	2.09	0	0	0	0	0.4	0.6	2.09	1.76	0.33	No	0	0	0.33	1
MM	2155028	236	3	0	1.79	2.09	0	0	0	0	0.077677	0.922323	2.09	1.79	0.3	No	0	0	0.3	3
CH	2155028	237	3	1	1.79	2.09	0	0	0	0	0.062142	0.937858	2.09	1.79	0.3	No	0	0	0.3	3
MM	2155028	240	3	0	1.79	2.23	0	0	0	0	0.249713	0.750287	2.23	1.79	0.44	No	0	0	0.44	3
CH	2155028	255	3	1	1.99	2.29	0	0	0	0	0.199771	0.800229	2.29	1.99	0.3	No	0	0	0.3	3
MM	2155028	256	3	0	1.99	2.29	0	0	0	0	0.359817	0.640183	2.29	1.99	0.3	No	0	0	0.3	3
CH	2155028	270	3	1	1.99	2.09	0.1	0	0	0	0.287853	0.712147	2.09	1.89	0.2	No	0	0.050251	0.1	3
CH	2155655	230	7	1	1.69	1.99	0	0	0	1	0.6	0.4	1.99	1.69	0.3	Yes	0	0	0.3	0
CH	2156307	250	7	1	1.86	2.09	0	0	0	0	0.5	0.5	2.09	1.86	0.23	Yes	0	0	0.23	0
CH	2156307	272	7	1	1.86	2.13	0	0	0	0	0.6	0.4	2.13	1.86	0.27	Yes	0	0	0.27	0
CH	2156455	254	7	1	1.86	2.18	0	0	0	0	0.5	0.5	2.18	1.86	0.32	Yes	0	0	0.32	0
CH	2156455	255	7	1	1.86	2.18	0	0	0	0	0.6	0.4	2.18	1.86	0.32	Yes	0	0	0.32	0
CH	2156455	258	7	1	1.86	2.18	0	0	0	0	0.68	0.32	2.18	1.86	0.32	Yes	0	0	0.32	0
CH	2156455	260	7	1	1.86	2.13	0	0.24	0	0	0.744	0.256	1.89	1.86	0.03	Yes	0.112676	0	0.27	0
CH	2156455	263	7	1	1.86	2.13	0.27	0	0	0	0.7952	0.2048	2.13	1.59	0.54	Yes	0	0.145161	0.27	0
CH	2156455	264	7	1	1.86	2.13	0.37	0	1	0	0.83616	0.16384	2.13	1.49	0.64	Yes	0	0.198925	0.27	0
CH	2156455	265	7	1	1.86	2.13	0.37	0	1	0	0.868928	0.131072	2.13	1.49	0.64	Yes	0	0.198925	0.27	0
CH	2156455	272	7	1	1.86	2.13	0	0	0	0	0.895142	0.104858	2.13	1.86	0.27	Yes	0	0	0.27	0
CH	2156604	231	1	1	1.69	1.69	0.3	0.2	1	0	0.5	0.5	1.49	1.39	0.1	No	0.118343	0.177515	0	1
MM	2156604	234	7	0	1.75	1.99	0	0.4	1	0	0.6	0.4	1.59	1.75	-0.16	Yes	0.201005	0	0.24	0
CH	2156604	251	7	1	1.86	2.09	0.1	0	0	0	0.48	0.52	2.09	1.76	0.33	Yes	0	0.053763	0.23	0
CH	2156604	253	7	1	1.86	2.09	0.1	0	0	0	0.584	0.416	2.09	1.76	0.33	Yes	0	0.053763	0.23	0
CH	2156604	254	7	1	1.86	2.18	0	0	0	0	0.6672	0.3328	2.18	1.86	0.32	Yes	0	0	0.32	0
CH	2156604	254	7	1	1.86	2.18	0	0	0	0	0.73376	0.26624	2.18	1.86	0.32	Yes	0	0	0.32	0
CH	2156604	255	7	1	1.86	2.18	0	0	0	0	0.787008	0.212992	2.18	1.86	0.32	Yes	0	0	0.32	0
CH	2156604	256	7	1	1.86	2.18	0	0	0	0	0.829606	0.170394	2.18	1.86	0.32	Yes	0	0	0.32	0
CH	2156604	257	7	1	1.86	2.18	0	0	0	0	0.863685	0.136315	2.18	1.86	0.32	Yes	0	0	0.32	0
CH	2156604	258	7	1	1.86	2.18	0	0	0	0	0.890948	0.109052	2.18	1.86	0.32	Yes	0	0	0.32	0
CH	2156604	259	7	1	1.86	2.18	0	0	0	0	0.912758	0.087242	2.18	1.86	0.32	Yes	0	0	0.32	0
CH	2156604	259	7	1	1.86	2.18	0	0	0	0	0.930207	0.069793	2.18	1.86	0.32	Yes	0	0	0.32	0
CH	2156604	260	7	1	1.86	2.13	0	0.24	0	0	0.944165	0.055835	1.89	1.86	0.03	Yes	0.112676	0	0.27	0
CH	2156604	260	7	1	1.86	2.13	0	0.24	0	0	0.955332	0.044668	1.89	1.86	0.03	Yes	0.112676	0	0.27	0
CH	2156604	261	7	1	1.86	2.13	0	0.24	0	0	0.964266	0.035734	1.89	1.86	0.03	Yes	0.112676	0	0.27	0
CH	2156604	262	7	1	1.86	2.13	0	0	0	0	0.971413	0.028587	2.13	1.86	0.27	Yes	0	0	0.27	0
CH	2156604	262	7	1	1.86	2.13	0	0	0	0	0.97713	0.02287	2.13	1.86	0.27	Yes	0	0	0.27	0
CH	2156604	264	7	1	1.86	2.13	0.37	0	1	0	0.981704	0.018296	2.13	1.49	0.64	Yes	0	0.198925	0.27	0
CH	2156604	265	7	1	1.86	2.13	0.37	0	1	0	0.985363	0.014637	2.13	1.49	0.64	Yes	0	0.198925	0.27	0
CH	2156604	266	1	1	1.86	1.99	0	0.1	0	0	0.988291	0.011709	1.89	1.86	0.03	No	0.050251	0	0.13	1
CH	2156604	267	7	1	1.86	2.13	0	0	1	0	0.990633	0.009367	2.13	1.86	0.27	Yes	0	0	0.27	0
CH	2156604	269	7	1	1.86	2.13	0.27	0	1	0	0.992506	0.007494	2.13	1.59	0.54	Yes	0	0.145161	0.27	0
CH	2156604	277	7	1	1.99	2.13	0.5	0	0	1	0.994005	0.005995	2.13	1.49	0.64	Yes	0	0.251256	0.14	0
MM	2156729	251	7	0	1.86	2.09	0.1	0	0	0	0.6	0.4	2.09	1.76	0.33	Yes	0	0.053763	0.23	0
CH	2156794	233	7	1	1.75	1.99	0	0.4	1	0	0.2048	0.7952	1.59	1.75	-0.16	Yes	0.201005	0	0.24	0
CH	2156794	259	7	1	1.86	2.18	0	0	0	0	0.36384	0.63616	2.18	1.86	0.32	Yes	0	0	0.32	0
CH	2156794	259	7	1	1.86	2.18	0	0	0	0	0.491072	0.508928	2.18	1.86	0.32	Yes	0	0	0.32	0
CH	2156794	260	7	1	1.86	2.13	0	0.24	0	0	0.592858	0.407142	1.89	1.86	0.03	Yes	0.112676	0	0.27	0
CH	2156794	262	7	1	1.86	2.13	0	0	0	0	0.674286	0.325714	2.13	1.86	0.27	Yes	0	0	0.27	0
CH	2156794	262	7	1	1.86	2.13	0	0	0	0	0.739429	0.260571	2.13	1.86	0.27	Yes	0	0	0.27	0
CH	2156794	264	1	1	1.76	1.99	0	0.4	0	0	0.791543	0.208457	1.59	1.76	-0.17	No	0.201005	0	0.23	1
CH	2156794	265	1	1	1.76	1.99	0	0.1	0	0	0.833234	0.166766	1.89	1.76	0.13	No	0.050251	0	0.23	1
CH	2156794	267	7	1	1.86	2.13	0	0	1	0	0.866588	0.133412	2.13	1.86	0.27	Yes	0	0	0.27	0
CH	2156794	269	7	1	1.86	2.13	0.27	0	1	0	0.89327	0.10673	2.13	1.59	0.54	Yes	0	0.145161	0.27	0
CH	2156794	270	1	1	1.86	2.18	0	0	0	0	0.914616	0.085384	2.18	1.86	0.32	No	0	0	0.32	1
CH	2156794	271	1	1	1.86	2.18	0	0	0	0	0.931693	0.068307	2.18	1.86	0.32	No	0	0	0.32	1
CH	2156794	272	1	1	1.86	2.18	0	0	0	0	0.945354	0.054646	2.18	1.86	0.32	No	0	0	0.32	1
CH	2156794	272	1	1	1.86	2.18	0	0	0	0	0.956283	0.043717	2.18	1.86	0.32	No	0	0	0.32	1
CH	2156794	273	7	1	1.86	2.13	0	0.54	0	0	0.965027	0.034973	1.59	1.86	-0.27	Yes	0.253521	0	0.27	0
CH	2156794	274	7	1	1.86	2.13	0.47	0.54	1	0	0.972021	0.027979	1.59	1.39	0.2	Yes	0.253521	0.252688	0.27	0
MM	2157016	242	2	0	1.75	1.99	0.16	0.3	0	1	0.4	0.6	1.69	1.59	0.1	No	0.150754	0.091429	0.24	2
CH	2157016	256	2	1	1.89	2.18	0.13	0	0	0	0.32	0.68	2.18	1.76	0.42	No	0	0.068783	0.29	2
MM	2157016	260	2	0	1.86	2.18	0	0.7	0	0	0.456	0.544	1.48	1.86	-0.38	No	0.321101	0	0.32	2
CH	2157230	246	3	1	1.99	2.23	0	0	0	0	0.5	0.5	2.23	1.99	0.24	No	0	0	0.24	3
CH	2157230	274	7	1	1.86	2.13	0.47	0.54	1	0	0.6	0.4	1.59	1.39	0.2	Yes	0.253521	0.252688	0.27	0
MM	2157438	242	1	0	1.86	1.99	0	0.3	0	1	0.3072	0.6928	1.69	1.86	-0.17	No	0.150754	0	0.13	1
CH	2157677	239	3	1	1.79	2.23	0	0	0	0	0.813222	0.186778	2.23	1.79	0.44	No	0	0	0.44	3
CH	2157677	241	3	1	1.79	2.23	0	0	0	0	0.850578	0.149422	2.23	1.79	0.44	No	0	0	0.44	3
CH	2157677	244	3	1	1.99	2.23	0	0	0	0	0.880462	0.119538	2.23	1.99	0.24	No	0	0	0.24	3
CH	2157677	268	3	1	1.99	2.09	0.1	0	0	0	0.90437	0.09563	2.09	1.89	0.2	No	0	0.050251	0.1	3
CH	2159251	237	3	1	1.79	2.09	0	0	0	0	0.540992	0.459008	2.09	1.79	0.3	No	0	0	0.3	3
MM	2159830	248	3	0	1.99	2.23	0	0	0	0	0.5	0.5	2.23	1.99	0.24	No	0	0	0.24	3
MM	2159830	262	2	0	1.86	2.18	0	0.6	0	1	0.4	0.6	1.58	1.86	-0.28	No	0.275229	0	0.32	2
CH	2160028	233	3	1	1.79	2.09	0	0	0	0	0.5072	0.4928	2.09	1.79	0.3	No	0	0	0.3	3
MM	2160028	236	2	0	1.75	1.99	0	0	0	0	0.60576	0.39424	1.99	1.75	0.24	No	0	0	0.24	2
CH	2160028	237	2	1	1.75	1.99	0	0	0	0	0.484608	0.515392	1.99	1.75	0.24	No	0	0	0.24	2
CH	2160028	238	2	1	1.75	1.99	0	0	0	0	0.587686	0.412314	1.99	1.75	0.24	No	0	0	0.24	2
CH	2160028	239	3	1	1.79	2.23	0	0	0	0	0.670149	0.329851	2.23	1.79	0.44	No	0	0	0.44	3
CH	2160028	240	2	1	1.75	1.99	0	0.3	0	1	0.736119	0.263881	1.69	1.75	-0.06	No	0.150754	0	0.24	2
CH	2160028	241	3	1	1.79	2.23	0	0	0	0	0.788895	0.211105	2.23	1.79	0.44	No	0	0	0.44	3
CH	2160028	247	3	1	1.99	2.23	0	0	0	0	0.831116	0.168884	2.23	1.99	0.24	No	0	0	0.24	3
CH	2160028	248	3	1	1.99	2.23	0	0	0	0	0.864893	0.135107	2.23	1.99	0.24	No	0	0	0.24	3
CH	2160028	249	2	1	1.89	2.09	0	0	0	0	0.891914	0.108086	2.09	1.89	0.2	No	0	0	0.2	2
CH	2160028	251	2	1	1.89	2.09	0.13	0	0	0	0.913532	0.086468	2.09	1.76	0.33	No	0	0.068783	0.2	2
CH	2160028	254	2	1	1.89	2.09	0.13	0	0	0	0.930825	0.069175	2.09	1.76	0.33	No	0	0.068783	0.2	2
CH	2160028	260	2	1	1.86	2.18	0	0.7	0	0	0.94466	0.05534	1.48	1.86	-0.38	No	0.321101	0	0.32	2
CH	2160028	261	2	1	1.86	2.18	0	0	0	0	0.955728	0.044272	2.18	1.86	0.32	No	0	0	0.32	2
CH	2160028	262	3	1	1.99	2.09	0	0	0	0	0.964583	0.035417	2.09	1.99	0.1	No	0	0	0.1	3
CH	2160028	266	2	1	1.86	2.18	0	0	0	0	0.971666	0.028334	2.18	1.86	0.32	No	0	0	0.32	2
CH	2160028	269	2	1	1.86	2.18	0	0	0	0	0.977333	0.022667	2.18	1.86	0.32	No	0	0	0.32	2
CH	2160028	270	2	1	1.86	2.18	0	0	0	0	0.981866	0.018134	2.18	1.86	0.32	No	0	0	0.32	2
MM	2160028	271	2	0	1.86	2.18	0	0.06	0	0	0.985493	0.014507	2.12	1.86	0.26	No	0.027523	0	0.32	2
CH	2160028	271	2	1	1.86	2.18	0	0.06	0	0	0.788394	0.211606	2.12	1.86	0.26	No	0.027523	0	0.32	2
CH	2160598	253	1	1	1.76	2.09	0	0	0	0	0.6	0.4	2.09	1.76	0.33	No	0	0	0.33	1
CH	2160598	266	7	1	1.86	2.13	0.37	0	1	0	0.68	0.32	2.13	1.49	0.64	Yes	0	0.198925	0.27	0
CH	2160606	265	7	1	1.86	2.13	0.37	0	1	0	0.4	0.6	2.13	1.49	0.64	Yes	0	0.198925	0.27	0
CH	2160606	267	7	1	1.86	2.13	0	0	1	0	0.52	0.48	2.13	1.86	0.27	Yes	0	0	0.27	0
MM	2161406	228	2	0	1.69	1.69	0	0	0	0	0.5	0.5	1.69	1.69	0	No	0	0	0	2
MM	2161406	243	1	0	1.86	1.99	0	0.8	0	1	0.4	0.6	1.19	1.86	-0.67	No	0.40201	0	0.13	1
MM	2163147	256	2	0	1.89	2.18	0.13	0	0	0	0.4	0.6	2.18	1.76	0.42	No	0	0.068783	0.29	2
MM	2163147	259	2	0	1.86	2.18	0	0.4	0	1	0.32	0.68	1.78	1.86	-0.08	No	0.183486	0	0.32	2
MM	2163147	261	2	0	1.86	2.18	0	0	0	0	0.256	0.744	2.18	1.86	0.32	No	0	0	0.32	2
CH	2163972	254	4	1	1.99	2.29	0	0	1	0	0.5	0.5	2.29	1.99	0.3	No	0	0	0.3	4
CH	2163972	260	1	1	1.76	1.99	0	0.2	0	0	0.6	0.4	1.79	1.76	0.03	No	0.100503	0	0.23	1
CH	2163972	266	1	1	1.86	1.99	0	0.1	0	0	0.68	0.32	1.89	1.86	0.03	No	0.050251	0	0.13	1
MM	2163972	267	1	0	1.86	1.99	0	0.2	0	1	0.744	0.256	1.79	1.86	-0.07	No	0.100503	0	0.13	1
MM	2163972	268	1	0	1.86	1.99	0	0.2	0	1	0.5952	0.4048	1.79	1.86	-0.07	No	0.100503	0	0.13	1
CH	2163972	270	1	1	1.86	2.18	0	0	0	0	0.47616	0.52384	2.18	1.86	0.32	No	0	0	0.32	1
CH	2163972	273	1	1	1.86	2.18	0	0	0	0	0.580928	0.419072	2.18	1.86	0.32	No	0	0	0.32	1
CH	2163972	274	1	1	1.96	2.13	0	0.74	0	1	0.664742	0.335258	1.39	1.96	-0.57	No	0.347418	0	0.17	1
MM	2163972	274	1	0	1.96	2.13	0	0.74	0	1	0.731794	0.268206	1.39	1.96	-0.57	No	0.347418	0	0.17	1
CH	2163972	277	1	1	1.99	2.13	0.24	0	0	0	0.585435	0.414565	2.13	1.75	0.38	No	0	0.120603	0.14	1
MM	2165316	235	7	0	1.75	1.99	0	0.4	0	0	0.4	0.6	1.59	1.75	-0.16	Yes	0.201005	0	0.24	0
MM	2165316	240	7	0	1.86	2.09	0	0	0	0	0.32	0.68	2.09	1.86	0.23	Yes	0	0	0.23	0
MM	2165316	242	3	0	1.99	2.23	0	0	0	0	0.256	0.744	2.23	1.99	0.24	No	0	0	0.24	3
MM	2165316	243	7	0	1.86	2.09	0	0.2	0	0	0.2048	0.7952	1.89	1.86	0.03	Yes	0.095694	0	0.23	0
MM	2165316	254	7	0	1.86	2.18	0	0	0	0	0.16384	0.83616	2.18	1.86	0.32	Yes	0	0	0.32	0
MM	2165316	256	7	0	1.86	2.18	0	0	0	0	0.131072	0.868928	2.18	1.86	0.32	Yes	0	0	0.32	0
MM	2165316	259	7	0	1.86	2.18	0	0	0	0	0.104858	0.895142	2.18	1.86	0.32	Yes	0	0	0.32	0
MM	2165316	260	7	0	1.86	2.13	0	0.24	0	0	0.083886	0.916114	1.89	1.86	0.03	Yes	0.112676	0	0.27	0
MM	2165316	278	7	0	2.06	2.13	0	0	0	0	0.067109	0.932891	2.13	2.06	0.07	Yes	0	0	0.07	0
MM	2165985	227	3	0	1.79	1.79	0	0	0	1	0.053687	0.946313	1.79	1.79	0	No	0	0	0	3
MM	2165985	228	3	0	1.79	1.79	0	0	0	0	0.04295	0.95705	1.79	1.79	0	No	0	0	0	3
MM	2165985	229	3	0	1.79	1.79	0	0	0	0	0.03436	0.96564	1.79	1.79	0	No	0	0	0	3
MM	2165985	230	3	0	1.79	1.79	0	0	0	0	0.027488	0.972512	1.79	1.79	0	No	0	0	0	3
MM	2165985	231	3	0	1.79	1.79	0	0	0	0	0.02199	0.97801	1.79	1.79	0	No	0	0	0	3
MM	2165985	232	3	0	1.79	2.09	0	0	0	0	0.017592	0.982408	2.09	1.79	0.3	No	0	0	0.3	3
MM	2165985	233	3	0	1.79	2.09	0	0	0	0	0.014074	0.985926	2.09	1.79	0.3	No	0	0	0.3	3
MM	2165985	234	3	0	1.79	2.09	0	0	0	0	0.011259	0.988741	2.09	1.79	0.3	No	0	0	0.3	3
MM	2165985	235	3	0	1.79	2.09	0	0	0	0	0.009007	0.990993	2.09	1.79	0.3	No	0	0	0.3	3
MM	2165985	236	3	0	1.79	2.09	0	0	0	0	0.007206	0.992794	2.09	1.79	0.3	No	0	0	0.3	3
MM	2165985	241	3	0	1.79	2.23	0	0	0	0	0.005765	0.994235	2.23	1.79	0.44	No	0	0	0.44	3
MM	2165985	245	3	0	1.99	2.23	0	0	0	0	0.004612	0.995388	2.23	1.99	0.24	No	0	0	0.24	3
MM	2165985	247	3	0	1.99	2.23	0	0	0	0	0.003689	0.996311	2.23	1.99	0.24	No	0	0	0.24	3
MM	2165985	248	3	0	1.99	2.23	0	0	0	0	0.002951	0.997049	2.23	1.99	0.24	No	0	0	0.24	3
MM	2165985	249	3	0	1.99	2.23	0	0	0	0	0.002361	0.997639	2.23	1.99	0.24	No	0	0	0.24	3
MM	2165985	250	3	0	1.99	2.23	0	0	0	0	0.001889	0.998111	2.23	1.99	0.24	No	0	0	0.24	3
MM	2165985	254	3	0	1.99	2.29	0	0	1	0	0.001511	0.998489	2.29	1.99	0.3	No	0	0	0.3	3
MM	2165985	255	3	0	1.99	2.29	0	0	0	0	0.001209	0.998791	2.29	1.99	0.3	No	0	0	0.3	3
MM	2165985	256	3	0	1.99	2.29	0	0	0	0	0.000967	0.999033	2.29	1.99	0.3	No	0	0	0.3	3
MM	2165985	257	3	0	1.99	2.29	0	0.4	0	1	0.000774	0.999226	1.89	1.99	-0.1	No	0.174672	0	0.3	3
MM	2165985	259	3	0	1.99	2.29	0	0	0	0	0.000619	0.999381	2.29	1.99	0.3	No	0	0	0.3	3
MM	2165985	259	3	0	1.99	2.29	0	0	0	0	0.000495	0.999505	2.29	1.99	0.3	No	0	0	0.3	3
MM	2165985	260	3	0	1.99	2.09	0	0	0	0	0.000396	0.999604	2.09	1.99	0.1	No	0	0	0.1	3
MM	2165985	263	3	0	1.99	2.09	0	0	0	0	0.000317	0.999683	2.09	1.99	0.1	No	0	0	0.1	3
MM	2165985	264	3	0	1.99	2.09	0.1	0	0	0	0.000254	0.999746	2.09	1.89	0.2	No	0	0.050251	0.1	3
MM	2165985	265	3	0	1.99	2.09	0.1	0	0	0	0.000203	0.999797	2.09	1.89	0.2	No	0	0.050251	0.1	3
MM	2165985	266	3	0	1.99	2.09	0.1	0	0	0	0.000162	0.999838	2.09	1.89	0.2	No	0	0.050251	0.1	3
MM	2165985	267	3	0	1.99	2.09	0.1	0	0	0	0.00013	0.99987	2.09	1.89	0.2	No	0	0.050251	0.1	3
MM	2165985	267	3	0	1.99	2.09	0.1	0	0	0	0.000104	0.999896	2.09	1.89	0.2	No	0	0.050251	0.1	3
MM	2165985	268	3	0	1.99	2.09	0.1	0	0	0	0.000083	0.999917	2.09	1.89	0.2	No	0	0.050251	0.1	3
MM	2165985	269	3	0	1.99	2.09	0.1	0	0	0	0.000066	0.999934	2.09	1.89	0.2	No	0	0.050251	0.1	3
MM	2165985	269	3	0	1.99	2.09	0.1	0	0	0	0.000053	0.999947	2.09	1.89	0.2	No	0	0.050251	0.1	3
MM	2165985	270	3	0	1.99	2.09	0.1	0	0	0	0.000043	0.999957	2.09	1.89	0.2	No	0	0.050251	0.1	3
MM	2165985	271	3	0	1.99	2.09	0.1	0.4	1	0	0.000034	0.999966	1.69	1.89	-0.2	No	0.191388	0.050251	0.1	3
MM	2165985	272	3	0	1.99	2.09	0	0.4	0	0	0.000027	0.999973	1.69	1.99	-0.3	No	0.191388	0	0.1	3
MM	2165985	273	3	0	1.99	2.09	0	0.4	0	0	0.000022	0.999978	1.69	1.99	-0.3	No	0.191388	0	0.1	3
MM	2165985	274	3	0	1.99	2.09	0	0.4	0	0	0.000017	0.999983	1.69	1.99	-0.3	No	0.191388	0	0.1	3
MM	2165985	275	3	0	2.09	2.09	0	0.4	0	0	0.000014	0.999986	1.69	2.09	-0.4	No	0.191388	0	0	3
MM	2165985	276	3	0	2.09	2.09	0.2	0.4	0	0	0.000011	0.999989	1.69	1.89	-0.2	No	0.191388	0.095694	0	3
CH	2166553	269	7	1	1.86	2.13	0.27	0	1	0	0.5	0.5	2.13	1.59	0.54	Yes	0	0.145161	0.27	0
CH	2166553	270	7	1	1.86	2.13	0.27	0	1	0	0.6	0.4	2.13	1.59	0.54	Yes	0	0.145161	0.27	0
CH	2166553	275	1	1	1.96	2.13	0	0.74	0	1	0.68	0.32	1.39	1.96	-0.57	No	0.347418	0	0.17	1
MM	2166751	274	4	0	1.99	2.09	0	0.4	0	0	0.5	0.5	1.69	1.99	-0.3	No	0.191388	0	0.1	4
MM	2166751	275	4	0	2.09	2.09	0	0.4	0	0	0.4	0.6	1.69	2.09	-0.4	No	0.191388	0	0	4
MM	2166751	276	4	0	2.09	2.09	0.2	0.4	0	0	0.32	0.68	1.69	1.89	-0.2	No	0.191388	0.095694	0	4
MM	2167916	230	1	0	1.69	1.69	0	0.2	0	0	0.3072	0.6928	1.49	1.69	-0.2	No	0.118343	0	0	1
MM	2167916	242	1	0	1.86	1.99	0	0.3	0	1	0.24576	0.75424	1.69	1.86	-0.17	No	0.150754	0	0.13	1
CH	2167916	250	7	1	1.86	2.09	0	0	0	0	0.196608	0.803392	2.09	1.86	0.23	Yes	0	0	0.23	0
MM	2167932	229	3	0	1.79	1.79	0	0	0	0	0.48	0.52	1.79	1.79	0	No	0	0	0	3
MM	2167932	246	3	0	1.99	2.23	0	0	0	0	0.384	0.616	2.23	1.99	0.24	No	0	0	0.24	3
MM	2167932	252	3	0	1.99	2.23	0	0	0	0	0.3072	0.6928	2.23	1.99	0.24	No	0	0	0.24	3
CH	2167932	253	3	1	1.99	2.23	0	0	0	0	0.24576	0.75424	2.23	1.99	0.24	No	0	0	0.24	3
CH	2167932	256	3	1	1.99	2.29	0	0	0	0	0.396608	0.603392	2.29	1.99	0.3	No	0	0	0.3	3
CH	2167932	259	3	1	1.99	2.29	0	0	0	0	0.517286	0.482714	2.29	1.99	0.3	No	0	0	0.3	3
CH	2167932	259	3	1	1.99	2.29	0	0	0	0	0.613829	0.386171	2.29	1.99	0.3	No	0	0	0.3	3
CH	2167932	271	3	1	1.99	2.09	0.1	0.4	1	0	0.691063	0.308937	1.69	1.89	-0.2	No	0.191388	0.050251	0.1	3
MM	2167932	275	3	0	2.09	2.09	0	0.4	0	0	0.752851	0.247149	1.69	2.09	-0.4	No	0.191388	0	0	3
CH	2168146	233	7	1	1.75	1.99	0	0.4	1	0	0.5	0.5	1.59	1.75	-0.16	Yes	0.201005	0	0.24	0
MM	2168146	262	1	0	1.76	1.99	0	0.4	0	1	0.6	0.4	1.59	1.76	-0.17	No	0.201005	0	0.23	1
MM	2168724	234	3	0	1.79	2.09	0	0	0	0	0.256	0.744	2.09	1.79	0.3	No	0	0	0.3	3
MM	2168724	238	7	0	1.75	1.99	0	0.4	0	0	0.2048	0.7952	1.59	1.75	-0.16	Yes	0.201005	0	0.24	0
CH	2170019	228	2	1	1.69	1.69	0	0	0	0	0.6	0.4	1.69	1.69	0	No	0	0	0	2
CH	2170019	229	7	1	1.69	1.69	0	0.2	0	1	0.68	0.32	1.49	1.69	-0.2	Yes	0.118343	0	0	0
CH	2170126	232	4	1	1.79	2.09	0	0	0	0	0.4	0.6	2.09	1.79	0.3	No	0	0	0.3	4
MM	2170126	232	1	0	1.69	1.99	0	0	1	0	0.52	0.48	1.99	1.69	0.3	No	0	0	0.3	1
CH	2170126	266	1	1	1.86	1.99	0	0.1	0	0	0.416	0.584	1.89	1.86	0.03	No	0.050251	0	0.13	1
MM	2170514	241	1	0	1.86	1.99	0	0.3	0	1	0.3648	0.6352	1.69	1.86	-0.17	No	0.150754	0	0.13	1
CH	2170514	248	2	1	1.89	2.09	0	0	0	0	0.29184	0.70816	2.09	1.89	0.2	No	0	0	0.2	2
CH	2170514	273	1	1	1.86	2.18	0	0	0	0	0.433472	0.566528	2.18	1.86	0.32	No	0	0	0.32	1
MM	2170654	256	2	0	1.89	2.18	0.13	0	0	0	0.5	0.5	2.18	1.76	0.42	No	0	0.068783	0.29	2
MM	2170654	259	2	0	1.86	2.18	0	0.4	0	1	0.4	0.6	1.78	1.86	-0.08	No	0.183486	0	0.32	2
MM	2170944	237	2	0	1.75	1.99	0	0	0	0	0.5648	0.4352	1.99	1.75	0.24	No	0	0	0.24	2
CH	2170944	242	3	1	1.99	2.23	0	0	0	0	0.45184	0.54816	2.23	1.99	0.24	No	0	0	0.24	3
CH	2170944	278	3	1	2.09	2.09	0.2	0	0	0	0.561472	0.438528	2.09	1.89	0.2	No	0	0.095694	0	3
CH	2171090	250	2	1	1.89	2.09	0	0	0	0	0.6	0.4	2.09	1.89	0.2	No	0	0	0.2	2
CH	2171090	253	2	1	1.89	2.09	0.13	0	0	0	0.68	0.32	2.09	1.76	0.33	No	0	0.068783	0.2	2
CH	2171090	256	2	1	1.89	2.18	0.13	0	0	0	0.744	0.256	2.18	1.76	0.42	No	0	0.068783	0.29	2
CH	2171090	260	2	1	1.86	2.18	0	0.7	0	0	0.7952	0.2048	1.48	1.86	-0.38	No	0.321101	0	0.32	2
CH	2171090	261	2	1	1.86	2.18	0	0	0	0	0.83616	0.16384	2.18	1.86	0.32	No	0	0	0.32	2
CH	2171090	263	7	1	1.86	2.13	0.27	0	0	0	0.868928	0.131072	2.13	1.59	0.54	Yes	0	0.145161	0.27	0
MM	2171124	278	7	0	2.06	2.13	0	0	0	0	0.6	0.4	2.13	2.06	0.07	Yes	0	0	0.07	0
MM	2171132	228	2	0	1.69	1.69	0	0	0	0	0.5	0.5	1.69	1.69	0	No	0	0	0	2
MM	2171132	229	2	0	1.69	1.69	0	0	0	0	0.4	0.6	1.69	1.69	0	No	0	0	0	2
MM	2171132	235	2	0	1.69	1.99	0	0	0	0	0.32	0.68	1.99	1.69	0.3	No	0	0	0.3	2
MM	2171132	244	2	0	1.86	2.09	0	0	0	0	0.256	0.744	2.09	1.86	0.23	No	0	0	0.23	2
MM	2171132	245	2	0	1.89	2.09	0	0	0	0	0.2048	0.7952	2.09	1.89	0.2	No	0	0	0.2	2
MM	2171132	248	2	0	1.89	2.09	0	0	0	0	0.16384	0.83616	2.09	1.89	0.2	No	0	0	0.2	2
CH	2171652	232	7	1	1.69	1.99	0	0.4	1	1	0.6	0.4	1.59	1.69	-0.1	Yes	0.201005	0	0.3	0
MM	2171652	267	2	0	1.86	2.18	0	0.4	0	1	0.68	0.32	1.78	1.86	-0.08	No	0.183486	0	0.32	2
MM	2171827	260	1	0	1.76	1.99	0	0.2	0	0	0.6	0.4	1.79	1.76	0.03	No	0.100503	0	0.23	1
CH	2172007	276	2	1	1.99	2.18	0	0	0	1	0.5	0.5	2.18	1.99	0.19	No	0	0	0.19	2
CH	2172007	278	2	1	1.99	2.18	0	0	0	0	0.6	0.4	2.18	1.99	0.19	No	0	0	0.19	2
CH	2172080	232	1	1	1.69	1.99	0	0	1	0	0.586313	0.413687	1.99	1.69	0.3	No	0	0	0.3	1
CH	2172080	247	1	1	1.86	2.09	0	0	0	0	0.66905	0.33095	2.09	1.86	0.23	No	0	0	0.23	1
CH	2172080	250	1	1	1.86	2.09	0	0	0	0	0.73524	0.26476	2.09	1.86	0.23	No	0	0	0.23	1
MM	2172452	230	3	0	1.79	1.79	0	0	0	0	0.131072	0.868928	1.79	1.79	0	No	0	0	0	3
MM	2172452	232	3	0	1.79	2.09	0	0	0	0	0.104858	0.895142	2.09	1.79	0.3	No	0	0	0.3	3
MM	2172452	233	3	0	1.79	2.09	0	0	0	0	0.083886	0.916114	2.09	1.79	0.3	No	0	0	0.3	3
MM	2172452	234	3	0	1.79	2.09	0	0	0	0	0.067109	0.932891	2.09	1.79	0.3	No	0	0	0.3	3
CH	2172452	273	3	1	1.99	2.09	0	0.4	0	0	0.053687	0.946313	1.69	1.99	-0.3	No	0.191388	0	0.1	3
CH	2172684	274	7	1	1.86	2.13	0.47	0.54	1	0	0.5	0.5	1.59	1.39	0.2	Yes	0.253521	0.252688	0.27	0
MM	2172684	275	2	0	1.96	2.18	0	0.8	0	1	0.6	0.4	1.38	1.96	-0.58	No	0.366972	0	0.22	2
MM	2172726	241	3	0	1.79	2.23	0	0	0	0	0.5	0.5	2.23	1.79	0.44	No	0	0	0.44	3
CH	2172726	259	2	1	1.86	2.18	0	0.4	0	1	0.4	0.6	1.78	1.86	-0.08	No	0.183486	0	0.32	2
MM	2172841	237	1	0	1.75	1.99	0	0	0	0	0.104858	0.895142	1.99	1.75	0.24	No	0	0	0.24	1
MM	2172841	257	1	0	1.76	2.18	0	0	0	0	0.083886	0.916114	2.18	1.76	0.42	No	0	0	0.42	1
MM	2172841	259	1	0	1.76	1.99	0	0.2	0	1	0.067109	0.932891	1.79	1.76	0.03	No	0.100503	0	0.23	1
MM	2172841	262	1	0	1.76	1.99	0	0.4	0	1	0.053687	0.946313	1.59	1.76	-0.17	No	0.201005	0	0.23	1
MM	2172841	263	1	0	1.76	1.99	0	0.4	0	1	0.04295	0.95705	1.59	1.76	-0.17	No	0.201005	0	0.23	1
MM	2172841	274	1	0	1.96	2.13	0	0.74	0	1	0.03436	0.96564	1.39	1.96	-0.57	No	0.347418	0	0.17	1
MM	2173005	244	7	0	1.86	2.09	0	0.2	0	0	0.52	0.48	1.89	1.86	0.03	Yes	0.095694	0	0.23	0
MM	2173005	276	7	0	1.99	2.13	0	0.54	0	1	0.416	0.584	1.59	1.99	-0.4	Yes	0.253521	0	0.14	0
MM	2173005	277	7	0	1.99	2.13	0.5	0	0	1	0.3328	0.6672	2.13	1.49	0.64	Yes	0	0.251256	0.14	0
CH	2173427	237	3	1	1.79	2.09	0	0	0	0	0.5	0.5	2.09	1.79	0.3	No	0	0	0.3	3
CH	2173427	241	3	1	1.79	2.23	0	0	0	0	0.6	0.4	2.23	1.79	0.44	No	0	0	0.44	3
CH	2173906	256	7	1	1.86	2.18	0	0	0	0	0.5	0.5	2.18	1.86	0.32	Yes	0	0	0.32	0
CH	2173906	258	1	1	1.76	2.18	0	0	0	0	0.6	0.4	2.18	1.76	0.42	No	0	0	0.42	1
CH	2173906	259	7	1	1.86	2.18	0	0	0	0	0.68	0.32	2.18	1.86	0.32	Yes	0	0	0.32	0
CH	2173906	259	7	1	1.86	2.18	0	0	0	0	0.744	0.256	2.18	1.86	0.32	Yes	0	0	0.32	0
CH	2173906	262	7	1	1.86	2.13	0	0	0	0	0.7952	0.2048	2.13	1.86	0.27	Yes	0	0	0.27	0
CH	2173906	264	7	1	1.86	2.13	0.37	0	1	0	0.83616	0.16384	2.13	1.49	0.64	Yes	0	0.198925	0.27	0
CH	2173906	265	7	1	1.86	2.13	0.37	0	1	0	0.868928	0.131072	2.13	1.49	0.64	Yes	0	0.198925	0.27	0
CH	2173906	265	7	1	1.86	2.13	0.37	0	1	0	0.895142	0.104858	2.13	1.49	0.64	Yes	0	0.198925	0.27	0
CH	2173906	266	7	1	1.86	2.13	0.37	0	1	0	0.916114	0.083886	2.13	1.49	0.64	Yes	0	0.198925	0.27	0
CH	2173906	267	7	1	1.86	2.13	0	0	1	0	0.932891	0.067109	2.13	1.86	0.27	Yes	0	0	0.27	0
CH	2173906	268	7	1	1.86	2.13	0	0	0	0	0.946313	0.053687	2.13	1.86	0.27	Yes	0	0	0.27	0
CH	2173906	269	7	1	1.86	2.13	0.27	0	1	0	0.95705	0.04295	2.13	1.59	0.54	Yes	0	0.145161	0.27	0
CH	2173906	269	1	1	1.86	2.18	0	0	0	0	0.96564	0.03436	2.18	1.86	0.32	No	0	0	0.32	1
CH	2173906	270	7	1	1.86	2.13	0.27	0	1	0	0.972512	0.027488	2.13	1.59	0.54	Yes	0	0.145161	0.27	0
CH	2173906	271	7	1	1.86	2.13	0	0	0	0	0.97801	0.02199	2.13	1.86	0.27	Yes	0	0	0.27	0
CH	2173906	273	7	1	1.86	2.13	0	0.54	0	0	0.982408	0.017592	1.59	1.86	-0.27	Yes	0.253521	0	0.27	0
CH	2173906	274	7	1	1.86	2.13	0.47	0.54	1	0	0.985926	0.014074	1.59	1.39	0.2	Yes	0.253521	0.252688	0.27	0
CH	2173906	277	7	1	1.99	2.13	0.5	0	0	1	0.988741	0.011259	2.13	1.49	0.64	Yes	0	0.251256	0.14	0
CH	2173989	228	4	1	1.79	1.79	0	0	0	0	0.740314	0.259686	1.79	1.79	0	No	0	0	0	4
CH	2173989	229	4	1	1.79	1.79	0	0	0	0	0.792251	0.207749	1.79	1.79	0	No	0	0	0	4
CH	2173989	231	4	1	1.79	1.79	0	0	0	0	0.833801	0.166199	1.79	1.79	0	No	0	0	0	4
CH	2173989	232	4	1	1.79	2.09	0	0	0	0	0.867041	0.132959	2.09	1.79	0.3	No	0	0	0.3	4
CH	2173989	240	4	1	1.79	2.23	0	0	0	0	0.893632	0.106368	2.23	1.79	0.44	No	0	0	0.44	4
CH	2173989	244	4	1	1.99	2.23	0	0	0	0	0.914906	0.085094	2.23	1.99	0.24	No	0	0	0.24	4
CH	2173989	248	1	1	1.86	2.09	0	0	0	0	0.931925	0.068075	2.09	1.86	0.23	No	0	0	0.23	1
CH	2173989	251	4	1	1.99	2.23	0	0	0	0	0.94554	0.05446	2.23	1.99	0.24	No	0	0	0.24	4
CH	2173989	270	4	1	1.99	2.09	0.1	0	0	0	0.956432	0.043568	2.09	1.89	0.2	No	0	0.050251	0.1	4
CH	2173989	274	4	1	1.99	2.09	0	0.4	0	0	0.965145	0.034855	1.69	1.99	-0.3	No	0.191388	0	0.1	4
MM	2174292	228	2	0	1.69	1.69	0	0	0	0	0.32	0.68	1.69	1.69	0	No	0	0	0	2
MM	2174292	237	3	0	1.79	2.09	0	0	0	0	0.256	0.744	2.09	1.79	0.3	No	0	0	0.3	3
MM	2174292	241	3	0	1.79	2.23	0	0	0	0	0.2048	0.7952	2.23	1.79	0.44	No	0	0	0.44	3
MM	2174292	252	3	0	1.99	2.23	0	0	0	0	0.16384	0.83616	2.23	1.99	0.24	No	0	0	0.24	3
MM	2174854	231	4	0	1.79	1.79	0	0	0	0	0.6	0.4	1.79	1.79	0	No	0	0	0	4
CH	2174854	251	4	1	1.99	2.23	0	0	0	0	0.48	0.52	2.23	1.99	0.24	No	0	0	0.24	4
MM	2175224	243	1	0	1.86	1.99	0	0.8	0	1	0.32	0.68	1.19	1.86	-0.67	No	0.40201	0	0.13	1
MM	2175224	262	2	0	1.86	2.18	0	0.6	0	1	0.256	0.744	1.58	1.86	-0.28	No	0.275229	0	0.32	2
MM	2175224	268	1	0	1.86	1.99	0	0.2	0	1	0.2048	0.7952	1.79	1.86	-0.07	No	0.100503	0	0.13	1
CH	2175224	268	2	1	1.86	2.18	0	0	0	1	0.16384	0.83616	2.18	1.86	0.32	No	0	0	0.32	2
MM	2175224	270	2	0	1.86	2.18	0	0	0	0	0.331072	0.668928	2.18	1.86	0.32	No	0	0	0.32	2
CH	2175224	273	2	1	1.86	2.18	0	0.06	0	0	0.264858	0.735142	2.12	1.86	0.26	No	0.027523	0	0.32	2
MM	2175224	274	7	0	1.86	2.13	0.47	0.54	1	0	0.411886	0.588114	1.59	1.39	0.2	Yes	0.253521	0.252688	0.27	0
MM	2175224	274	2	0	1.96	2.18	0	0.8	0	1	0.329509	0.670491	1.38	1.96	-0.58	No	0.366972	0	0.22	2
MM	2175224	274	2	0	1.96	2.18	0	0.8	0	1	0.263607	0.736393	1.38	1.96	-0.58	No	0.366972	0	0.22	2
MM	2175224	275	2	0	1.96	2.18	0	0.8	0	1	0.210886	0.789114	1.38	1.96	-0.58	No	0.366972	0	0.22	2
MM	2175224	275	2	0	1.96	2.18	0	0.8	0	1	0.168709	0.831291	1.38	1.96	-0.58	No	0.366972	0	0.22	2
MM	2175752	234	7	0	1.75	1.99	0	0.4	1	0	0.5	0.5	1.59	1.75	-0.16	Yes	0.201005	0	0.24	0
CH	2175752	269	7	1	1.86	2.13	0.27	0	1	0	0.4	0.6	2.13	1.59	0.54	Yes	0	0.145161	0.27	0
CH	2175901	232	1	1	1.69	1.99	0	0	1	0	0.7952	0.2048	1.99	1.69	0.3	No	0	0	0.3	1
CH	2175901	232	1	1	1.69	1.99	0	0	1	0	0.83616	0.16384	1.99	1.69	0.3	No	0	0	0.3	1
CH	2175901	234	1	1	1.69	1.99	0	0	0	0	0.868928	0.131072	1.99	1.69	0.3	No	0	0	0.3	1
CH	2175901	237	1	1	1.75	1.99	0	0	0	0	0.895142	0.104858	1.99	1.75	0.24	No	0	0	0.24	1
CH	2175901	240	7	1	1.86	2.09	0	0	0	0	0.916114	0.083886	2.09	1.86	0.23	Yes	0	0	0.23	0
CH	2175901	242	1	1	1.86	1.99	0	0.3	0	1	0.932891	0.067109	1.69	1.86	-0.17	No	0.150754	0	0.13	1
CH	2175901	246	1	1	1.86	2.09	0	0	0	0	0.946313	0.053687	2.09	1.86	0.23	No	0	0	0.23	1
CH	2175901	251	7	1	1.86	2.09	0.1	0	0	0	0.95705	0.04295	2.09	1.76	0.33	Yes	0	0.053763	0.23	0
CH	2175901	253	7	1	1.86	2.09	0.1	0	0	0	0.96564	0.03436	2.09	1.76	0.33	Yes	0	0.053763	0.23	0
CH	2175901	259	1	1	1.76	1.99	0	0.2	0	1	0.972512	0.027488	1.79	1.76	0.03	No	0.100503	0	0.23	1
CH	2175901	274	7	1	1.86	2.13	0.47	0.54	1	0	0.97801	0.02199	1.59	1.39	0.2	Yes	0.253521	0.252688	0.27	0
MM	2176768	234	7	0	1.75	1.99	0	0.4	1	0	0.5	0.5	1.59	1.75	-0.16	Yes	0.201005	0	0.24	0
CH	2176768	256	7	1	1.86	2.18	0	0	0	0	0.4	0.6	2.18	1.86	0.32	Yes	0	0	0.32	0
CH	2177691	228	7	1	1.69	1.69	0	0	0	0	0.351365	0.648635	1.69	1.69	0	Yes	0	0	0	0
MM	2177691	231	7	0	1.69	1.99	0	0	0	0	0.481092	0.518908	1.99	1.69	0.3	Yes	0	0	0.3	0
CH	2177691	233	7	1	1.75	1.99	0	0.4	1	0	0.384874	0.615126	1.59	1.75	-0.16	Yes	0.201005	0	0.24	0
CH	2177691	236	7	1	1.75	1.99	0	0.4	0	0	0.507899	0.492101	1.59	1.75	-0.16	Yes	0.201005	0	0.24	0
MM	2177691	260	4	0	1.99	2.09	0	0	0	0	0.606319	0.393681	2.09	1.99	0.1	No	0	0	0.1	4
CH	2177691	268	7	1	1.86	2.13	0	0	0	0	0.485055	0.514945	2.13	1.86	0.27	Yes	0	0	0.27	0
CH	2177691	269	7	1	1.86	2.13	0.27	0	1	0	0.588044	0.411956	2.13	1.59	0.54	Yes	0	0.145161	0.27	0
CH	2177691	274	7	1	1.86	2.13	0.47	0.54	1	0	0.670435	0.329565	1.59	1.39	0.2	Yes	0.253521	0.252688	0.27	0
MM	2177691	275	7	0	1.99	2.13	0	0.54	1	0	0.736348	0.263652	1.59	1.99	-0.4	Yes	0.253521	0	0.14	0
MM	2177691	276	7	0	1.99	2.13	0	0.54	0	1	0.589079	0.410921	1.59	1.99	-0.4	Yes	0.253521	0	0.14	0
CH	2178236	248	4	1	1.99	2.23	0	0	0	0	0.5	0.5	2.23	1.99	0.24	No	0	0	0.24	4
CH	2178236	251	4	1	1.99	2.23	0	0	0	0	0.6	0.4	2.23	1.99	0.24	No	0	0	0.24	4
CH	2178236	254	4	1	1.99	2.29	0	0	1	0	0.68	0.32	2.29	1.99	0.3	No	0	0	0.3	4
CH	2178236	256	4	1	1.99	2.29	0	0	0	0	0.744	0.256	2.29	1.99	0.3	No	0	0	0.3	4
MM	2178236	258	4	0	1.99	2.29	0	0	0	0	0.7952	0.2048	2.29	1.99	0.3	No	0	0	0.3	4
CH	2178236	260	4	1	1.99	2.09	0	0	0	0	0.63616	0.36384	2.09	1.99	0.1	No	0	0	0.1	4
CH	2178236	262	4	1	1.99	2.09	0	0	0	0	0.708928	0.291072	2.09	1.99	0.1	No	0	0	0.1	4
CH	2178236	264	4	1	1.99	2.09	0.1	0	0	0	0.767142	0.232858	2.09	1.89	0.2	No	0	0.050251	0.1	4
CH	2178236	267	4	1	1.99	2.09	0.1	0	0	0	0.813714	0.186286	2.09	1.89	0.2	No	0	0.050251	0.1	4
CH	2178236	277	4	1	2.09	2.09	0.2	0.4	0	0	0.850971	0.149029	1.69	1.89	-0.2	No	0.191388	0.095694	0	4
MM	2178350	236	7	0	1.75	1.99	0	0.4	0	0	0.4	0.6	1.59	1.75	-0.16	Yes	0.201005	0	0.24	0
CH	2178400	233	7	1	1.75	1.99	0	0.4	1	0	0.6	0.4	1.59	1.75	-0.16	Yes	0.201005	0	0.24	0
MM	2178400	262	1	0	1.76	1.99	0	0.4	0	1	0.68	0.32	1.59	1.76	-0.17	No	0.201005	0	0.23	1
CH	2178400	265	7	1	1.86	2.13	0.37	0	1	0	0.544	0.456	2.13	1.49	0.64	Yes	0	0.198925	0.27	0
CH	2178400	269	7	1	1.86	2.13	0.27	0	1	0	0.6352	0.3648	2.13	1.59	0.54	Yes	0	0.145161	0.27	0
CH	2178400	273	1	1	1.86	2.18	0	0	0	0	0.70816	0.29184	2.18	1.86	0.32	No	0	0	0.32	1
CH	2178400	274	7	1	1.86	2.13	0.47	0.54	1	0	0.766528	0.233472	1.59	1.39	0.2	Yes	0.253521	0.252688	0.27	0
CH	2178491	252	7	1	1.86	2.09	0.1	0	0	0	0.5	0.5	2.09	1.76	0.33	Yes	0	0.053763	0.23	0
CH	2178491	253	7	1	1.86	2.09	0.1	0	0	0	0.6	0.4	2.09	1.76	0.33	Yes	0	0.053763	0.23	0
CH	2178491	254	7	1	1.86	2.18	0	0	0	0	0.68	0.32	2.18	1.86	0.32	Yes	0	0	0.32	0
CH	2178491	256	7	1	1.86	2.18	0	0	0	0	0.744	0.256	2.18	1.86	0.32	Yes	0	0	0.32	0
CH	2178491	257	7	1	1.86	2.18	0	0	0	0	0.7952	0.2048	2.18	1.86	0.32	Yes	0	0	0.32	0
CH	2178491	258	7	1	1.86	2.18	0	0	0	0	0.83616	0.16384	2.18	1.86	0.32	Yes	0	0	0.32	0
CH	2178491	259	7	1	1.86	2.18	0	0	0	0	0.868928	0.131072	2.18	1.86	0.32	Yes	0	0	0.32	0
CH	2178491	260	7	1	1.86	2.13	0	0.24	0	0	0.895142	0.104858	1.89	1.86	0.03	Yes	0.112676	0	0.27	0
CH	2178491	262	7	1	1.86	2.13	0	0	0	0	0.916114	0.083886	2.13	1.86	0.27	Yes	0	0	0.27	0
CH	2178491	265	7	1	1.86	2.13	0.37	0	1	0	0.932891	0.067109	2.13	1.49	0.64	Yes	0	0.198925	0.27	0
CH	2178491	266	7	1	1.86	2.13	0.37	0	1	0	0.946313	0.053687	2.13	1.49	0.64	Yes	0	0.198925	0.27	0
CH	2178491	269	7	1	1.86	2.13	0.27	0	1	0	0.95705	0.04295	2.13	1.59	0.54	Yes	0	0.145161	0.27	0
CH	2178491	274	7	1	1.86	2.13	0.47	0.54	1	0	0.96564	0.03436	1.59	1.39	0.2	Yes	0.253521	0.252688	0.27	0
MM	2178491	275	7	0	1.99	2.13	0	0.54	1	0	0.972512	0.027488	1.59	1.99	-0.4	Yes	0.253521	0	0.14	0
CH	2178491	277	7	1	1.99	2.13	0.5	0	0	1	0.77801	0.22199	2.13	1.49	0.64	Yes	0	0.251256	0.14	0
MM	2178749	231	7	0	1.69	1.99	0	0	0	0	0.256	0.744	1.99	1.69	0.3	Yes	0	0	0.3	0
MM	2178749	233	7	0	1.75	1.99	0	0.4	1	0	0.2048	0.7952	1.59	1.75	-0.16	Yes	0.201005	0	0.24	0
CH	2178749	238	1	1	1.75	1.99	0	0	0	0	0.16384	0.83616	1.99	1.75	0.24	No	0	0	0.24	1
CH	2178749	247	1	1	1.86	2.09	0	0	0	0	0.331072	0.668928	2.09	1.86	0.23	No	0	0	0.23	1
CH	2178749	273	1	1	1.86	2.18	0	0	0	0	0.464858	0.535142	2.18	1.86	0.32	No	0	0	0.32	1
MM	2178749	275	1	0	1.96	2.13	0	0.74	0	1	0.571886	0.428114	1.39	1.96	-0.57	No	0.347418	0	0.17	1
MM	2178806	276	2	0	1.99	2.18	0	0	0	1	0.32	0.68	2.18	1.99	0.19	No	0	0	0.19	2
CH	2178855	236	2	1	1.75	1.99	0	0	0	0	0.5	0.5	1.99	1.75	0.24	No	0	0	0.24	2
MM	2178855	273	2	0	1.86	2.18	0	0.06	0	0	0.6	0.4	2.12	1.86	0.26	No	0.027523	0	0.32	2
MM	2179242	247	2	0	1.89	2.09	0	0	0	0	0.68	0.32	2.09	1.89	0.2	No	0	0	0.2	2
MM	2179465	246	2	0	1.89	2.09	0	0	0	0	0.5	0.5	2.09	1.89	0.2	No	0	0	0.2	2
CH	2179465	246	2	1	1.89	2.09	0	0	0	0	0.4	0.6	2.09	1.89	0.2	No	0	0	0.2	2
MM	2179465	266	3	0	1.99	2.09	0.1	0	0	0	0.52	0.48	2.09	1.89	0.2	No	0	0.050251	0.1	3
MM	2179465	277	1	0	1.99	2.13	0.24	0	0	0	0.416	0.584	2.13	1.75	0.38	No	0	0.120603	0.14	1
CH	2179978	268	2	1	1.86	2.18	0	0	0	1	0.4	0.6	2.18	1.86	0.32	No	0	0	0.32	2
CH	2179978	269	7	1	1.86	2.13	0.27	0	1	0	0.52	0.48	2.13	1.59	0.54	Yes	0	0.145161	0.27	0
CH	2179978	269	2	1	1.86	2.18	0	0	0	0	0.616	0.384	2.18	1.86	0.32	No	0	0	0.32	2
MM	2179978	272	2	0	1.86	2.18	0	0.06	0	0	0.6928	0.3072	2.12	1.86	0.26	No	0.027523	0	0.32	2
MM	2179978	275	7	0	1.99	2.13	0	0.54	1	0	0.55424	0.44576	1.59	1.99	-0.4	Yes	0.253521	0	0.14	0
MM	2179978	276	7	0	1.99	2.13	0	0.54	0	1	0.443392	0.556608	1.59	1.99	-0.4	Yes	0.253521	0	0.14	0
MM	2252536	231	3	0	1.79	1.79	0	0	0	0	0.4	0.6	1.79	1.79	0	No	0	0	0	3
MM	2252536	231	3	0	1.79	1.79	0	0	0	0	0.32	0.68	1.79	1.79	0	No	0	0	0	3
MM	2252536	231	3	0	1.79	1.79	0	0	0	0	0.256	0.744	1.79	1.79	0	No	0	0	0	3
MM	2252536	234	3	0	1.79	2.09	0	0	0	0	0.2048	0.7952	2.09	1.79	0.3	No	0	0	0.3	3
MM	2252536	236	3	0	1.79	2.09	0	0	0	0	0.16384	0.83616	2.09	1.79	0.3	No	0	0	0.3	3
CH	2252536	242	3	1	1.99	2.23	0	0	0	0	0.131072	0.868928	2.23	1.99	0.24	No	0	0	0.24	3
CH	2252551	227	4	1	1.79	1.79	0	0	0	1	0.5	0.5	1.79	1.79	0	No	0	0	0	4
CH	2252551	251	4	1	1.99	2.23	0	0	0	0	0.6	0.4	2.23	1.99	0.24	No	0	0	0.24	4
CH	2252619	272	3	1	1.99	2.09	0	0.4	0	0	0.6	0.4	1.69	1.99	-0.3	No	0.191388	0	0.1	3
MM	2253096	227	2	0	1.69	1.69	0	0	0	0	0.211886	0.788114	1.69	1.69	0	No	0	0	0	2
MM	2253096	229	2	0	1.69	1.69	0	0	0	0	0.169509	0.830491	1.69	1.69	0	No	0	0	0	2
MM	2253096	231	2	0	1.69	1.69	0.3	0	1	0	0.135607	0.864393	1.69	1.39	0.3	No	0	0.177515	0	2
MM	2253096	233	2	0	1.69	1.69	0	0	0	0	0.108486	0.891514	1.69	1.69	0	No	0	0	0	2
MM	2253096	237	2	0	1.75	1.99	0	0	0	0	0.086789	0.913211	1.99	1.75	0.24	No	0	0	0.24	2
MM	2253096	249	2	0	1.89	2.09	0	0	0	0	0.069431	0.930569	2.09	1.89	0.2	No	0	0	0.2	2
MM	2253096	250	2	0	1.89	2.09	0	0	0	0	0.055545	0.944455	2.09	1.89	0.2	No	0	0	0.2	2
MM	2253096	251	2	0	1.89	2.09	0.13	0	0	0	0.044436	0.955564	2.09	1.76	0.33	No	0	0.068783	0.2	2
MM	2253096	255	2	0	1.89	2.18	0.13	0	0	0	0.035549	0.964451	2.18	1.76	0.42	No	0	0.068783	0.29	2
MM	2253096	256	3	0	1.99	2.29	0	0	0	0	0.028439	0.971561	2.29	1.99	0.3	No	0	0	0.3	3
MM	2253096	256	2	0	1.89	2.18	0.13	0	0	0	0.022751	0.977249	2.18	1.76	0.42	No	0	0.068783	0.29	2
MM	2253096	258	2	0	1.86	2.18	0	0	0	0	0.018201	0.981799	2.18	1.86	0.32	No	0	0	0.32	2
MM	2253096	259	7	0	1.86	2.18	0	0	0	0	0.014561	0.985439	2.18	1.86	0.32	Yes	0	0	0.32	0
MM	2253096	260	3	0	1.99	2.09	0	0	0	0	0.011649	0.988351	2.09	1.99	0.1	No	0	0	0.1	3
MM	2253096	262	2	0	1.86	2.18	0	0.6	0	1	0.009319	0.990681	1.58	1.86	-0.28	No	0.275229	0	0.32	2
MM	2253096	263	2	0	1.86	2.18	0	0	0	1	0.007455	0.992545	2.18	1.86	0.32	No	0	0	0.32	2
MM	2253096	265	2	0	1.86	2.18	0	0	0	0	0.005964	0.994036	2.18	1.86	0.32	No	0	0	0.32	2
MM	2253096	266	2	0	1.86	2.18	0	0	0	0	0.004771	0.995229	2.18	1.86	0.32	No	0	0	0.32	2
MM	2253096	267	2	0	1.86	2.18	0	0.4	0	1	0.003817	0.996183	1.78	1.86	-0.08	No	0.183486	0	0.32	2
MM	2253096	268	3	0	1.99	2.09	0.1	0	0	0	0.003054	0.996946	2.09	1.89	0.2	No	0	0.050251	0.1	3
CH	2253096	269	2	1	1.86	2.18	0	0	0	0	0.002443	0.997557	2.18	1.86	0.32	No	0	0	0.32	2
CH	2253096	270	2	1	1.86	2.18	0	0	0	0	0.201954	0.798046	2.18	1.86	0.32	No	0	0	0.32	2
MM	2253096	271	3	0	1.99	2.09	0.1	0.4	1	0	0.361563	0.638437	1.69	1.89	-0.2	No	0.191388	0.050251	0.1	3
MM	2253096	273	3	0	1.99	2.09	0	0.4	0	0	0.289251	0.710749	1.69	1.99	-0.3	No	0.191388	0	0.1	3
MM	2253096	275	2	0	1.96	2.18	0	0.8	0	1	0.231401	0.768599	1.38	1.96	-0.58	No	0.366972	0	0.22	2
MM	2253096	276	2	0	1.99	2.18	0	0	0	1	0.18512	0.81488	2.18	1.99	0.19	No	0	0	0.19	2
MM	2253096	277	2	0	1.99	2.18	0	0	0	0	0.148096	0.851904	2.18	1.99	0.19	No	0	0	0.19	2
MM	2253625	232	1	0	1.69	1.99	0	0	1	0	0.48	0.52	1.99	1.69	0.3	No	0	0	0.3	1
CH	2253807	227	1	1	1.69	1.69	0	0	0	0	0.6	0.4	1.69	1.69	0	No	0	0	0	1
MM	2253807	229	1	0	1.69	1.69	0	0	0	0	0.68	0.32	1.69	1.69	0	No	0	0	0	1
MM	2253807	230	1	0	1.69	1.69	0	0.2	0	0	0.544	0.456	1.49	1.69	-0.2	No	0.118343	0	0	1
CH	2253807	233	1	1	1.69	1.99	0	0	0	0	0.4352	0.5648	1.99	1.69	0.3	No	0	0	0.3	1
MM	2253807	236	1	0	1.75	1.99	0	0	0	0	0.54816	0.45184	1.99	1.75	0.24	No	0	0	0.24	1
MM	2253807	237	1	0	1.75	1.99	0	0	0	0	0.438528	0.561472	1.99	1.75	0.24	No	0	0	0.24	1
MM	2253807	238	1	0	1.75	1.99	0	0	0	0	0.350822	0.649178	1.99	1.75	0.24	No	0	0	0.24	1
MM	2253807	239	1	0	1.75	1.99	0	0.3	0	1	0.280658	0.719342	1.69	1.75	-0.06	No	0.150754	0	0.24	1
MM	2253807	240	1	0	1.75	1.99	0	0.3	0	1	0.224526	0.775474	1.69	1.75	-0.06	No	0.150754	0	0.24	1
MM	2253807	241	1	0	1.86	1.99	0	0.3	0	1	0.179621	0.820379	1.69	1.86	-0.17	No	0.150754	0	0.13	1
CH	2253807	242	1	1	1.86	1.99	0	0.3	0	1	0.143697	0.856303	1.69	1.86	-0.17	No	0.150754	0	0.13	1
MM	2253807	243	1	0	1.86	1.99	0	0.8	0	1	0.314957	0.685043	1.19	1.86	-0.67	No	0.40201	0	0.13	1
MM	2253807	244	1	0	1.86	2.09	0	0	0	0	0.251966	0.748034	2.09	1.86	0.23	No	0	0	0.23	1
MM	2253807	246	1	0	1.86	2.09	0	0	0	0	0.201573	0.798427	2.09	1.86	0.23	No	0	0	0.23	1
MM	2253807	275	1	0	1.96	2.13	0	0.74	0	1	0.161258	0.838742	1.39	1.96	-0.57	No	0.347418	0	0.17	1
MM	2253807	276	1	0	1.99	2.13	0	0	0	1	0.129007	0.870993	2.13	1.99	0.14	No	0	0	0.14	1
MM	2253807	277	1	0	1.99	2.13	0.24	0	0	0	0.103205	0.896795	2.13	1.75	0.38	No	0	0.120603	0.14	1
MM	2253807	278	1	0	1.99	2.13	0.24	0	0	0	0.082564	0.917436	2.13	1.75	0.38	No	0	0.120603	0.14	1
CH	2254805	233	7	1	1.75	1.99	0	0.4	1	0	0.4	0.6	1.59	1.75	-0.16	Yes	0.201005	0	0.24	0
CH	2254805	254	7	1	1.86	2.18	0	0	0	0	0.52	0.48	2.18	1.86	0.32	Yes	0	0	0.32	0
MM	2254805	262	1	0	1.76	1.99	0	0.4	0	1	0.616	0.384	1.59	1.76	-0.17	No	0.201005	0	0.23	1
CH	2254805	264	7	1	1.86	2.13	0.37	0	1	0	0.4928	0.5072	2.13	1.49	0.64	Yes	0	0.198925	0.27	0
CH	2254805	265	7	1	1.86	2.13	0.37	0	1	0	0.59424	0.40576	2.13	1.49	0.64	Yes	0	0.198925	0.27	0
CH	2254805	269	7	1	1.86	2.13	0.27	0	1	0	0.675392	0.324608	2.13	1.59	0.54	Yes	0	0.145161	0.27	0
MM	2254805	274	1	0	1.96	2.13	0	0.74	0	1	0.740314	0.259686	1.39	1.96	-0.57	No	0.347418	0	0.17	1
CH	2254805	274	7	1	1.86	2.13	0.47	0.54	1	0	0.592251	0.407749	1.59	1.39	0.2	Yes	0.253521	0.252688	0.27	0
CH	2254995	269	3	1	1.99	2.09	0.1	0	0	0	0.5	0.5	2.09	1.89	0.2	No	0	0.050251	0.1	3
MM	2254995	271	3	0	1.99	2.09	0.1	0.4	1	0	0.6	0.4	1.69	1.89	-0.2	No	0.191388	0.050251	0.1	3
MM	2255182	253	7	0	1.86	2.09	0.1	0	0	0	0.5	0.5	2.09	1.76	0.33	Yes	0	0.053763	0.23	0
MM	2255182	275	2	0	1.96	2.18	0	0.8	0	1	0.4	0.6	1.38	1.96	-0.58	No	0.366972	0	0.22	2
MM	2256008	229	7	0	1.69	1.69	0	0.2	0	1	0.5	0.5	1.49	1.69	-0.2	Yes	0.118343	0	0	0
MM	2256008	239	4	0	1.79	2.23	0	0	0	0	0.4	0.6	2.23	1.79	0.44	No	0	0	0.44	4
MM	2256008	243	4	0	1.99	2.23	0	0	0	0	0.32	0.68	2.23	1.99	0.24	No	0	0	0.24	4
MM	2256008	258	7	0	1.86	2.18	0	0	0	0	0.256	0.744	2.18	1.86	0.32	Yes	0	0	0.32	0
CH	2256511	229	7	1	1.69	1.69	0	0.2	0	1	0.6	0.4	1.49	1.69	-0.2	Yes	0.118343	0	0	0
MM	2256511	231	7	0	1.69	1.99	0	0	0	0	0.68	0.32	1.99	1.69	0.3	Yes	0	0	0.3	0
CH	2256511	254	7	1	1.86	2.18	0	0	0	0	0.544	0.456	2.18	1.86	0.32	Yes	0	0	0.32	0
MM	2256511	275	7	0	1.99	2.13	0	0.54	1	0	0.6352	0.3648	1.59	1.99	-0.4	Yes	0.253521	0	0.14	0
MM	2256925	228	2	0	1.69	1.69	0	0	0	0	0.4	0.6	1.69	1.69	0	No	0	0	0	2
MM	2256925	263	2	0	1.86	2.18	0	0	0	1	0.32	0.68	2.18	1.86	0.32	No	0	0	0.32	2
MM	2257576	227	3	0	1.79	1.79	0	0	0	1	0.16384	0.83616	1.79	1.79	0	No	0	0	0	3
MM	2257576	235	3	0	1.79	2.09	0	0	0	0	0.131072	0.868928	2.09	1.79	0.3	No	0	0	0.3	3
MM	2257576	238	3	0	1.79	2.09	0	0	0	0	0.104858	0.895142	2.09	1.79	0.3	No	0	0	0.3	3
MM	2257576	260	3	0	1.99	2.09	0	0	0	0	0.083886	0.916114	2.09	1.99	0.1	No	0	0	0.1	3
CH	2257576	272	3	1	1.99	2.09	0	0.4	0	0	0.067109	0.932891	1.69	1.99	-0.3	No	0.191388	0	0.1	3
MM	2257576	272	3	0	1.99	2.09	0	0.4	0	0	0.253687	0.746313	1.69	1.99	-0.3	No	0.191388	0	0.1	3
CH	2257733	229	7	1	1.69	1.69	0	0.2	0	1	0.4	0.6	1.49	1.69	-0.2	Yes	0.118343	0	0	0
CH	2258343	230	7	1	1.69	1.99	0	0	0	1	0.5648	0.4352	1.99	1.69	0.3	Yes	0	0	0.3	0
CH	2258343	231	7	1	1.69	1.99	0	0	0	0	0.65184	0.34816	1.99	1.69	0.3	Yes	0	0	0.3	0
CH	2258343	232	7	1	1.69	1.99	0	0.4	1	1	0.721472	0.278528	1.59	1.69	-0.1	Yes	0.201005	0	0.3	0
CH	2258343	233	7	1	1.75	1.99	0	0.4	1	0	0.777178	0.222822	1.59	1.75	-0.16	Yes	0.201005	0	0.24	0
CH	2258343	233	7	1	1.75	1.99	0	0.4	1	0	0.821742	0.178258	1.59	1.75	-0.16	Yes	0.201005	0	0.24	0
CH	2258343	234	1	1	1.69	1.99	0	0	0	0	0.857394	0.142606	1.99	1.69	0.3	No	0	0	0.3	1
CH	2258343	235	7	1	1.75	1.99	0	0.4	0	0	0.885915	0.114085	1.59	1.75	-0.16	Yes	0.201005	0	0.24	0
CH	2258343	236	7	1	1.75	1.99	0	0.4	0	0	0.908732	0.091268	1.59	1.75	-0.16	Yes	0.201005	0	0.24	0
CH	2258343	237	7	1	1.75	1.99	0	0.4	0	0	0.926986	0.073014	1.59	1.75	-0.16	Yes	0.201005	0	0.24	0
CH	2258343	240	7	1	1.86	2.09	0	0	0	0	0.941588	0.058412	2.09	1.86	0.23	Yes	0	0	0.23	0
MM	2258343	240	7	0	1.86	2.09	0	0	0	0	0.953271	0.046729	2.09	1.86	0.23	Yes	0	0	0.23	0
MM	2258343	244	7	0	1.86	2.09	0	0.2	0	0	0.762617	0.237383	1.89	1.86	0.03	Yes	0.095694	0	0.23	0
CH	2258343	252	2	1	1.89	2.09	0.13	0	0	0	0.610093	0.389907	2.09	1.76	0.33	No	0	0.068783	0.2	2
MM	2258343	254	4	0	1.99	2.29	0	0	1	0	0.688075	0.311925	2.29	1.99	0.3	No	0	0	0.3	4
CH	2258343	256	2	1	1.89	2.18	0.13	0	0	0	0.55046	0.44954	2.18	1.76	0.42	No	0	0.068783	0.29	2
CH	2258343	258	4	1	1.99	2.29	0	0	0	0	0.640368	0.359632	2.29	1.99	0.3	No	0	0	0.3	4
CH	2258343	260	7	1	1.86	2.13	0	0.24	0	0	0.712294	0.287706	1.89	1.86	0.03	Yes	0.112676	0	0.27	0
CH	2258343	260	7	1	1.86	2.13	0	0.24	0	0	0.769835	0.230165	1.89	1.86	0.03	Yes	0.112676	0	0.27	0
CH	2258343	260	1	1	1.76	1.99	0	0.2	0	0	0.815868	0.184132	1.79	1.76	0.03	No	0.100503	0	0.23	1
CH	2258343	263	7	1	1.86	2.13	0.27	0	0	0	0.852695	0.147305	2.13	1.59	0.54	Yes	0	0.145161	0.27	0
CH	2258343	265	7	1	1.86	2.13	0.37	0	1	0	0.882156	0.117844	2.13	1.49	0.64	Yes	0	0.198925	0.27	0
CH	2258343	265	7	1	1.86	2.13	0.37	0	1	0	0.905725	0.094275	2.13	1.49	0.64	Yes	0	0.198925	0.27	0
CH	2258343	269	4	1	1.99	2.09	0.1	0	0	0	0.92458	0.07542	2.09	1.89	0.2	No	0	0.050251	0.1	4
CH	2258343	270	7	1	1.86	2.13	0.27	0	1	0	0.939664	0.060336	2.13	1.59	0.54	Yes	0	0.145161	0.27	0
CH	2258343	272	4	1	1.99	2.09	0	0.4	0	0	0.951731	0.048269	1.69	1.99	-0.3	No	0.191388	0	0.1	4
CH	2258343	277	7	1	1.99	2.13	0.5	0	0	1	0.961385	0.038615	2.13	1.49	0.64	Yes	0	0.251256	0.14	0
MM	2258459	228	1	0	1.69	1.69	0	0	0	0	0.5	0.5	1.69	1.69	0	No	0	0	0	1
MM	2258459	228	1	0	1.69	1.69	0	0	0	0	0.4	0.6	1.69	1.69	0	No	0	0	0	1
MM	2259895	233	1	0	1.69	1.99	0	0	0	0	0.5	0.5	1.99	1.69	0.3	No	0	0	0.3	1
MM	2259895	235	1	0	1.69	1.99	0	0	0	0	0.4	0.6	1.99	1.69	0.3	No	0	0	0.3	1
CH	2259895	237	7	1	1.75	1.99	0	0.4	0	0	0.32	0.68	1.59	1.75	-0.16	Yes	0.201005	0	0.24	0
CH	2259895	238	1	1	1.75	1.99	0	0	0	0	0.456	0.544	1.99	1.75	0.24	No	0	0	0.24	1
CH	2259895	238	1	1	1.75	1.99	0	0	0	0	0.5648	0.4352	1.99	1.75	0.24	No	0	0	0.24	1
CH	2259895	239	1	1	1.75	1.99	0	0.3	0	1	0.65184	0.34816	1.69	1.75	-0.06	No	0.150754	0	0.24	1
CH	2259895	240	1	1	1.75	1.99	0	0.3	0	1	0.721472	0.278528	1.69	1.75	-0.06	No	0.150754	0	0.24	1
CH	2259895	241	1	1	1.86	1.99	0	0.3	0	1	0.777178	0.222822	1.69	1.86	-0.17	No	0.150754	0	0.13	1
CH	2259895	252	1	1	1.76	2.09	0	0	0	0	0.821742	0.178258	2.09	1.76	0.33	No	0	0	0.33	1
CH	2259895	253	1	1	1.76	2.09	0	0	0	0	0.857394	0.142606	2.09	1.76	0.33	No	0	0	0.33	1
CH	2259895	255	1	1	1.76	2.18	0	0	0	0	0.885915	0.114085	2.18	1.76	0.42	No	0	0	0.42	1
CH	2259895	256	1	1	1.76	2.18	0	0	0	0	0.908732	0.091268	2.18	1.76	0.42	No	0	0	0.42	1
MM	2260844	228	7	0	1.69	1.69	0	0	0	0	0.744	0.256	1.69	1.69	0	Yes	0	0	0	0
CH	2260844	230	7	1	1.69	1.99	0	0	0	1	0.5952	0.4048	1.99	1.69	0.3	Yes	0	0	0.3	0
CH	2260844	231	7	1	1.69	1.99	0	0	0	0	0.67616	0.32384	1.99	1.69	0.3	Yes	0	0	0.3	0
CH	2260844	237	7	1	1.75	1.99	0	0.4	0	0	0.740928	0.259072	1.59	1.75	-0.16	Yes	0.201005	0	0.24	0
CH	2260844	238	7	1	1.75	1.99	0	0.4	0	0	0.792742	0.207258	1.59	1.75	-0.16	Yes	0.201005	0	0.24	0
CH	2260844	243	2	1	1.86	2.09	0	0	0	1	0.834194	0.165806	2.09	1.86	0.23	No	0	0	0.23	2
MM	2261594	227	1	0	1.69	1.69	0	0	0	0	0.32	0.68	1.69	1.69	0	No	0	0	0	1
CH	2261594	228	7	1	1.69	1.69	0	0	0	0	0.256	0.744	1.69	1.69	0	Yes	0	0	0	0
CH	2261594	232	1	1	1.69	1.99	0	0	1	0	0.4048	0.5952	1.99	1.69	0.3	No	0	0	0.3	1
CH	2261594	233	7	1	1.75	1.99	0	0.4	1	0	0.52384	0.47616	1.59	1.75	-0.16	Yes	0.201005	0	0.24	0
CH	2261594	235	1	1	1.69	1.99	0	0	0	0	0.619072	0.380928	1.99	1.69	0.3	No	0	0	0.3	1
MM	2261594	236	1	0	1.75	1.99	0	0	0	0	0.695258	0.304742	1.99	1.75	0.24	No	0	0	0.24	1
MM	2261594	242	1	0	1.86	1.99	0	0.3	0	1	0.556206	0.443794	1.69	1.86	-0.17	No	0.150754	0	0.13	1
MM	2261594	245	7	0	1.86	2.09	0	0.2	0	0	0.444965	0.555035	1.89	1.86	0.03	Yes	0.095694	0	0.23	0
CH	2261594	251	1	1	1.76	2.09	0	0	0	0	0.355972	0.644028	2.09	1.76	0.33	No	0	0	0.33	1
CH	2261594	251	7	1	1.86	2.09	0.1	0	0	0	0.484778	0.515222	2.09	1.76	0.33	Yes	0	0.053763	0.23	0
CH	2261594	252	7	1	1.86	2.09	0.1	0	0	0	0.587822	0.412178	2.09	1.76	0.33	Yes	0	0.053763	0.23	0
CH	2261594	256	7	1	1.86	2.18	0	0	0	0	0.670258	0.329742	2.18	1.86	0.32	Yes	0	0	0.32	0
MM	2261594	257	7	0	1.86	2.18	0	0	0	0	0.736206	0.263794	2.18	1.86	0.32	Yes	0	0	0.32	0
CH	2261594	261	7	1	1.86	2.13	0	0.24	0	0	0.588965	0.411035	1.89	1.86	0.03	Yes	0.112676	0	0.27	0
CH	2261594	270	1	1	1.86	2.18	0	0	0	0	0.671172	0.328828	2.18	1.86	0.32	No	0	0	0.32	1

